###
BlockBegin Corner section
Pt 1 1.6517686 1.2470000 0.5361407
Pt 2 1.6517686 1.2470000 2.0091407
Pt 3 1.4937686 1.2470000 2.0091407
Pt 4 1.4937686 1.2470000 0.5361407
Pt 5 1.7025544 1.2470000 1.4710588
Pt 6 1.7025544 1.2470000 1.0710588
Pt 7 1.7725544 1.2470000 1.0710588
Pt 8 1.7725544 1.2470000 1.4710588
Pt 9 0.8900000 0.0000000 5.4760000
Pt 10 0.8900000 0.0000000 2.9780000
Pt 11 5.6400000 0.0000000 2.9780000
Pt 12 5.6400000 0.0000000 5.4760000
Pt 13 5.6400000 0.0000000 0.0000000
Pt 14 5.6400000 0.1500000 0.0000000
Pt 15 5.6400000 0.1500000 5.4760000
Pt 16 12.3320000 0.1500000 0.0000000
Pt 17 12.3320000 0.1500000 5.4760000
Pt 18 12.3320000 0.0000000 0.0000000
Pt 19 12.3320000 0.0000000 1.6780000
Pt 20 12.3320000 0.1470000 1.6780000
Pt 21 12.3320000 0.1470000 1.8260000
Pt 22 12.3320000 0.0000000 1.8260000
Pt 23 12.3320000 0.0000000 5.4760000
Pt 24 18.3420000 0.0000000 3.6900000
Pt 25 18.3420000 0.0000000 5.4760000
Pt 26 12.2060000 18.0000000 0.2370000
Pt 27 12.2060000 18.0000000 0.0000000
Pt 28 15.3080000 18.0000000 0.0000000
Pt 29 15.3080000 18.0000000 1.9850000
Pt 30 16.1855000 18.0000000 1.9850000
Pt 31 17.0630000 18.0000000 1.9850000
Pt 32 17.0630000 18.0000000 0.0000000
Pt 33 18.2820000 18.0000000 0.0000000
Pt 34 18.2820000 18.0000000 0.2370000
Pt 35 18.3420000 18.0000000 0.2370000
Pt 36 18.3420000 18.0000000 0.5750000
Pt 37 18.3120000 18.0000000 0.5750000
Pt 38 18.3120000 18.0000000 0.6810000
Pt 39 18.3420000 18.0000000 0.6810000
Pt 40 18.3420000 18.0000000 1.7550000
Pt 41 18.3120000 18.0000000 1.7550000
Pt 42 18.3120000 18.0000000 1.8610000
Pt 43 18.3420000 18.0000000 1.8610000
Pt 44 18.3420000 18.0000000 2.1910000
Pt 45 18.3420000 18.0000000 5.4760000
Pt 46 12.2060000 18.0000000 5.4760000
Pt 47 12.3780000 18.0000000 0.2370000
Pt 48 12.3780000 18.0000000 0.8920000
Pt 49 14.1760000 18.0000000 0.8920000
Pt 50 14.1760000 18.0000000 0.2370000
Pt 51 12.2060000 17.5700000 0.0000000
Pt 52 12.2060000 17.5700000 5.4760000
Pt 53 8.0510000 17.5700000 0.0000000
Pt 54 8.0510000 17.5700000 5.4760000
Pt 55 8.0510000 17.7960000 0.8920000
Pt 56 8.0510000 17.7960000 5.4760000
Pt 57 5.9180000 17.7960000 5.4760000
Pt 58 5.9180000 17.7960000 0.0000000
Pt 59 8.0510000 17.7960000 0.0000000
Pt 60 7.8840000 17.7960000 0.8920000
Pt 61 7.8840000 17.7960000 0.2370000
Pt 62 6.0860000 17.7960000 0.2370000
Pt 63 6.0860000 17.7960000 0.8920000
Pt 64 5.9180000 18.0000000 5.4760000
Pt 65 5.9180000 18.0000000 3.1800000
Pt 66 2.8700000 18.0000000 3.1800000
Pt 67 2.8700000 18.0000000 5.4760000
Pt 68 0.0000000 1.7710000 5.4760000
Pt 69 0.0000000 1.7710000 2.9780000
Pt 70 0.8900000 1.7710000 2.9780000
Pt 71 0.8900000 1.7710000 5.4760000
Pt 72 2.8700000 18.0000000 0.0000000
Pt 73 2.8700000 18.0000000 3.0300000
Pt 74 5.9180000 18.0000000 3.0300000
Pt 75 5.9180000 18.0000000 0.0000000
Pt 76 5.0129984 18.0000000 0.0000000
Pt 77 5.0129984 18.0000000 2.1190000
Pt 78 3.0549984 18.0000000 2.1190000
Pt 79 3.0549984 18.0000000 0.0000000
Pt 80 0.0000000 0.0000000 2.9780000
Pt 81 4.9270000 0.0000000 0.0000000
Pt 82 0.0000000 0.0000000 2.2200000
Pt 83 2.7100000 0.0000000 2.2200000
Pt 84 2.7100000 0.0000000 0.0000000
Pt 85 4.9270000 0.0000000 0.2300000
Pt 86 3.1290000 0.0000000 0.2300000
Pt 87 3.1290000 0.0000000 0.8850000
Pt 88 4.9270000 0.0000000 0.8850000
Pt 89 2.0113666 1.0070000 2.2200000
Pt 90 1.5913666 1.0070000 2.2200000
Pt 91 1.5913666 1.2470000 2.2200000
Pt 92 1.8013666 1.2470000 2.2200000
Pt 93 2.0113666 1.2470000 2.2200000
Pt 94 2.7100000 1.2470000 2.2200000
Pt 95 0.0000000 1.2470000 2.2200000
Pt 96 0.8927332 1.2470000 2.2200000
Pt 97 1.8013666 1.2470000 2.0091407
Pt 98 0.8927332 1.2470000 0.0000000
Pt 99 1.8013666 1.2470000 0.0000000
Pt 100 1.8013666 1.2470000 1.4710588
Pt 101 1.8013666 1.2470000 0.5370000
Pt 102 2.7100000 1.2470000 0.0000000
Pt 103 1.8013666 1.2470000 1.0742974
Pt 104 1.8291835 1.2470000 1.0742974
Pt 105 1.8291835 1.2470000 1.4742974
Pt 106 1.8991835 1.2470000 1.4742974
Pt 107 1.8991835 1.2470000 1.0742974
Pt 108 1.9513666 1.2470000 0.5370000
Pt 109 1.9513666 1.2470000 2.0100000
Pt 110 2.1093666 1.2470000 2.0100000
Pt 111 2.1093666 1.2470000 0.5370000
Pt 112 2.7200000 18.0000000 5.4760000
Pt 113 2.7200000 18.0000000 3.1800000
Pt 114 0.0000000 18.0000000 3.1800000
Pt 115 0.0000000 18.0000000 5.4760000
Pt 116 0.0000000 18.0000000 0.0000000
Pt 117 0.0000000 17.0860000 0.0000000
Pt 118 0.0000000 17.0860000 2.0650000
Pt 119 0.0000000 18.0000000 2.0650000
Pt 120 0.0000000 1.2470000 0.0000000
Pt 121 16.1855000 18.0000000 1.8076680
Pt 122 16.1855000 18.0000000 0.0000000
Pt 123 16.1855000 18.0000000 1.2695862
Pt 124 16.1554917 18.0000000 1.2695862
Pt 125 16.1554917 18.0000000 0.8695862
Pt 126 16.0854917 18.0000000 0.8695862
Pt 127 16.0854917 18.0000000 1.2695862
Pt 128 16.0347058 18.0000000 1.8076680
Pt 129 16.0347058 18.0000000 0.3346680
Pt 130 15.8767058 18.0000000 0.3346680
Pt 131 15.8767058 18.0000000 1.8076680
Pt 132 0.0000000 3.5574596 1.8406319
Pt 133 0.0000000 3.8404596 1.8406319
Pt 134 0.0000000 3.8404596 0.6466319
Pt 135 0.0000000 3.5574596 0.6466319
Pt 136 0.0000000 4.6527797 2.0620000
Pt 137 0.0000000 5.4987797 2.0620000
Pt 138 -0.0890000 5.4987797 2.0620000
Pt 139 -0.0890000 4.6527797 2.0620000
Pt 140 0.0000000 5.4987797 0.0000000
Pt 141 -0.0890000 5.4987797 0.0000000
Pt 142 -0.0890000 5.4987797 1.5106085
Pt 143 -0.0890000 5.4987797 0.3352367
Pt 144 -0.0890000 5.3238248 0.3352367
Pt 145 -0.0890000 5.3238248 0.6672367
Pt 146 -0.0890000 4.8638248 0.6672367
Pt 147 -0.0890000 4.8638248 0.3352367
Pt 148 -0.0890000 4.6527797 0.0000000
Pt 149 -0.0890000 5.3173529 1.5106085
Pt 150 -0.0890000 5.3173529 1.8426085
Pt 151 -0.0890000 4.8573529 1.8426085
Pt 152 -0.0890000 4.8573529 1.5106085
Pt 153 0.0000000 4.6527797 0.0000000
Pt 154 0.0000000 18.0000000 3.0300000
Pt 155 2.7200000 18.0000000 3.0300000
Pt 156 2.7200000 18.0000000 0.0000000
Pt 157 18.3420000 0.0000000 0.0000000
Pt 158 18.3420000 0.0000000 3.5420000
Pt 159 0.0000000 3.4192060 1.8406319
Pt 160 0.0000000 3.4192060 2.0620000
Pt 161 0.0000000 4.2652060 2.0620000
Pt 162 0.0000000 4.2652060 0.0000000
Pt 163 0.0000000 3.4192060 0.0000000
Pt 164 16.1855000 18.0000000 0.3355273
Pt 165 16.1855000 18.0000000 0.8728247
Pt 166 16.2121208 18.0000000 0.8728247
Pt 167 16.2121208 18.0000000 1.2728247
Pt 168 16.2821208 18.0000000 1.2728247
Pt 169 16.2821208 18.0000000 0.8728247
Pt 170 16.3343039 18.0000000 0.3355273
Pt 171 16.3343039 18.0000000 1.8085273
Pt 172 16.4923039 18.0000000 1.8085273
Pt 173 16.4923039 18.0000000 0.3355273
Pt 174 18.3420000 16.2217660 0.2370000
Pt 175 18.3420000 16.2217660 0.5750000
Pt 176 18.3120000 16.2217660 0.5750000
Pt 177 18.3120000 16.2217660 0.2370000
Pt 178 18.3420000 16.8917998 0.2370000
Pt 179 18.3420000 16.8917998 0.5750000
Pt 180 18.3420000 15.9817660 2.1910000
Pt 181 18.3420000 15.9817660 1.8610000
Pt 182 18.3120000 15.9817660 1.8610000
Pt 183 18.3120000 15.9817660 2.1910000
Pt 184 18.3420000 16.2217660 2.1910000
Pt 185 18.3420000 16.2217660 1.8610000
Pt 186 18.3420000 16.8917998 1.8610000
Pt 187 18.3420000 16.8917998 2.1910000
Pt 188 18.3120000 16.2217660 2.1910000
Pt 189 18.3420000 17.1317998 0.5750000
Pt 190 18.3420000 17.1317998 0.2370000
Pt 191 18.3120000 16.8917998 1.8610000
Pt 192 18.3120000 16.8917998 2.1910000
Pt 193 18.3420000 15.9817660 0.5750000
Pt 194 18.3420000 15.9817660 0.2370000
Pt 195 18.3120000 15.9817660 0.2370000
Pt 196 18.3120000 15.9817660 0.5750000
Pt 197 18.3120000 16.8917998 0.5750000
Pt 198 18.3120000 16.8917998 0.2370000
Pt 199 18.3420000 15.9817660 1.7550000
Pt 200 18.3420000 15.9817660 0.6810000
Pt 201 18.3120000 15.9817660 0.6810000
Pt 202 18.3120000 15.9817660 1.7550000
Pt 203 18.3120000 16.2217660 1.8610000
Pt 204 18.3120000 15.1070000 0.5750000
Pt 205 18.3120000 15.1070000 0.6810000
Pt 206 18.3120000 15.1070000 1.7550000
Pt 207 18.3120000 15.1070000 1.8610000
Pt 208 18.3120000 17.1317998 2.1910000
Pt 209 18.3120000 17.1317998 1.8610000
Pt 210 18.3120000 17.1317998 1.7550000
Pt 211 18.3120000 17.1317998 0.6810000
Pt 212 18.3120000 17.1317998 0.5750000
Pt 213 18.3120000 17.1317998 0.2370000
Pt 214 18.3120000 16.2217660 0.6810000
Pt 215 18.3120000 16.8917998 0.6810000
Pt 216 18.3120000 16.8917998 1.7550000
Pt 217 18.3120000 16.2217660 1.7550000
Pt 218 18.3420000 16.8917998 1.7550000
Pt 219 18.3420000 16.8917998 0.6810000
Pt 220 18.3420000 16.2217660 0.6810000
Pt 221 18.3420000 16.2217660 1.7550000
Pt 222 18.3420000 17.1317998 0.6810000
Pt 223 18.3420000 17.1317998 1.7550000
Pt 224 18.3420000 17.1317998 2.1910000
Pt 225 18.3420000 17.1317998 1.8610000
Pt 226 18.2820000 15.1070000 0.2370000
Pt 227 18.2820000 15.1070000 0.0000000
Pt 228 -0.0000000 5.9017797 -0.0000000
Pt 229 -0.0000000 5.9017797 1.4100000
Pt 230 -0.0000000 9.6867797 1.4100000
Pt 231 -0.0000000 9.6867797 -0.0000000
Pt 232 -0.0000000 10.0867797 -0.0000000
Pt 233 -0.0000000 10.0867797 1.4100000
Pt 234 -0.0000000 13.8717797 1.4100000
Pt 235 -0.0000000 13.8717797 -0.0000000
Pt 236 0.3700000 14.1467797 1.0400000
Pt 237 0.3700000 14.1467797 1.4290000
Pt 238 0.2590000 14.1467797 1.4290000
Pt 239 0.2590000 14.1467797 1.0400000
Pt 240 5.9180000 17.9500000 3.1800000
Pt 241 2.8700000 17.9500000 3.1800000
Pt 242 2.7200000 17.9500000 5.4760000
Pt 243 2.7200000 17.9500000 3.1800000
Pt 244 0.0000000 17.9500000 3.0300000
Pt 245 2.7200000 17.9500000 3.0300000
Pt 246 2.8700000 17.9500000 0.0000000
Pt 247 2.8700000 17.9500000 3.0300000
Pt 248 5.9180000 17.9500000 3.0300000
Pt 249 0.0000000 17.9500000 3.1800000
Pt 250 2.8700000 17.9500000 5.4760000
Pt 251 2.7200000 17.9500000 0.0000000
Pt 252 1.0680000 12.6670000 5.7460000
Pt 253 1.0680000 12.2270000 5.7460000
Pt 254 1.1080000 12.2270000 5.7460000
Pt 255 1.1080000 12.6670000 5.7460000
Pt 256 0.9880000 12.1470000 5.4760000
Pt 257 1.1880000 12.1470000 5.4760000
Pt 258 1.1880000 12.7470000 5.4760000
Pt 259 0.9880000 12.7470000 5.4760000
Pt 260 1.0680000 10.8970000 5.7460000
Pt 261 0.9880000 10.9770000 5.4760000
Pt 262 0.9880000 10.3770000 5.4760000
Pt 263 1.0680000 10.4570000 5.7460000
Pt 264 1.1080000 10.4570000 5.7460000
Pt 265 1.1080000 10.8970000 5.7460000
Pt 266 1.1880000 10.3770000 5.4760000
Pt 267 1.1880000 10.9770000 5.4760000
Pt 268 1.0680000 8.6870000 5.7460000
Pt 269 0.9880000 8.6070000 5.4760000
Pt 270 1.1880000 8.6070000 5.4760000
Pt 271 1.1080000 8.6870000 5.7460000
Pt 272 1.0680000 9.1270000 5.7460000
Pt 273 1.1080000 9.1270000 5.7460000
Pt 274 1.1880000 9.2070000 5.4760000
Pt 275 0.9880000 9.2070000 5.4760000
Pt 276 1.0680000 7.3570000 5.7460000
Pt 277 0.9880000 7.4370000 5.4760000
Pt 278 0.9880000 6.8370000 5.4760000
Pt 279 1.0680000 6.9170000 5.7460000
Pt 280 1.1880000 7.4370000 5.4760000
Pt 281 1.1080000 7.3570000 5.7460000
Pt 282 1.1080000 6.9170000 5.7460000
Pt 283 1.1880000 6.8370000 5.4760000
Pt 284 4.1549984 18.0000000 1.9690000
Pt 285 4.1549984 18.0000000 0.8690000
Pt 286 3.2049984 18.0000000 0.8690000
Pt 287 3.2049984 18.0000000 1.9690000
Pt 288 4.3549984 18.0000000 0.7190000
Pt 289 4.8629984 18.0000000 0.7190000
Pt 290 4.8629984 18.0000000 0.0000000
Pt 291 4.3549984 18.0000000 0.0000000
Pt 292 3.2049984 18.0000000 0.0000000
Pt 293 3.2049984 18.0000000 0.7190000
Pt 294 4.1549984 18.0000000 0.7190000
Pt 295 4.1549984 18.0000000 0.0000000
Pt 296 4.1549984 17.9800000 2.1190000
Pt 297 3.0549984 17.9800000 2.1190000
Pt 298 3.0549984 17.9800000 0.0000000
Pt 299 3.2049984 17.9800000 0.0000000
Pt 300 3.2049984 17.9800000 0.7190000
Pt 301 4.1549984 17.9800000 0.7190000
Pt 302 4.1549984 17.9800000 0.0000000
Pt 303 4.3549984 17.9800000 0.0000000
Pt 304 4.3549984 17.9800000 0.7190000
Pt 305 4.3549984 17.9800000 0.8690000
Pt 306 4.3549984 17.9800000 1.9690000
Pt 307 4.8629984 17.9800000 1.9690000
Pt 308 4.8629984 17.9800000 0.8690000
Pt 309 4.8629984 17.9800000 0.7190000
Pt 310 4.8629984 17.9800000 0.0000000
Pt 311 5.0129984 17.9800000 0.0000000
Pt 312 5.0129984 17.9800000 2.1190000
Pt 313 4.1549984 17.9800000 1.9690000
Pt 314 4.1549984 17.9800000 0.8690000
Pt 315 3.2049984 17.9800000 0.8690000
Pt 316 3.2049984 17.9800000 1.9690000
Pt 317 4.8629984 18.0000000 1.9690000
Pt 318 4.3549984 18.0000000 1.9690000
Pt 319 4.3549984 18.0000000 0.8690000
Pt 320 4.8629984 18.0000000 0.8690000
Pt 321 0.0000000 14.8047797 0.0000000
Pt 322 0.0000000 14.1467797 0.0000000
Pt 323 0.0000000 14.1467797 4.5130000
Pt 324 0.0000000 13.8717797 4.5130000
Pt 325 0.0000000 13.8717797 2.6100000
Pt 326 -0.0000000 10.0867797 2.6100000
Pt 327 0.0000000 10.0867797 4.5130000
Pt 328 0.0000000 9.6867797 4.5130000
Pt 329 -0.0000000 9.6867797 2.6100000
Pt 330 0.0000000 5.9017797 2.6100000
Pt 331 0.0000000 5.9017797 4.5130000
Pt 332 0.0000000 5.6267797 4.5130000
Pt 333 0.0000000 5.6267797 0.0000000
Pt 334 0.0000000 14.8047797 0.2398543
Pt 335 0.0000000 16.6027797 0.2398543
Pt 336 0.0000000 16.6027797 0.8948543
Pt 337 0.0000000 14.8047797 0.8948543
Pt 338 0.1993940 14.8047797 0.8948543
Pt 339 0.2400000 14.8047797 0.7554266
Pt 340 0.2400000 14.8047797 0.2398543
Pt 341 0.2400000 16.6027797 0.7554266
Pt 342 0.1993940 16.6027797 0.8948543
Pt 343 0.2400000 16.6027797 0.2398543
Pt 344 14.1760000 17.7600000 0.2370000
Pt 345 14.1760000 17.7600000 0.7525723
Pt 346 14.1760000 17.8006060 0.8920000
Pt 347 12.3780000 17.7600000 0.2370000
Pt 348 12.3780000 17.8006060 0.8920000
Pt 349 12.3780000 17.7600000 0.7525723
Pt 350 0.3700000 13.8717797 2.6100000
Pt 351 0.3700000 10.0867797 2.6100000
Pt 352 0.3700000 9.6867797 2.6100000
Pt 353 0.3700000 5.9017797 2.6100000
Pt 354 0.3700000 5.9017797 1.4100000
Pt 355 0.3700000 9.6867797 1.4100000
Pt 356 0.3700000 10.0867797 1.4100000
Pt 357 0.3700000 13.8717797 1.4100000
Pt 358 1.5913666 1.2470000 2.4400000
Pt 359 2.0113666 1.2470000 2.4400000
Pt 360 3.7540114 16.3040000 5.2060000
Pt 361 3.5007083 16.3040000 5.4178230
Pt 362 3.5007083 15.6990000 5.4178230
Pt 363 3.7540114 15.6990000 5.2060000
Pt 364 3.5007083 16.3040000 5.4760000
Pt 365 3.5007083 15.6990000 5.4760000
Pt 366 3.8495956 16.3040000 5.4260000
Pt 367 3.8495956 16.3040000 5.2060000
Pt 368 3.8495956 15.6990000 5.2060000
Pt 369 3.8495956 15.6990000 5.4260000
Pt 370 3.8677083 16.3040000 5.4406186
Pt 371 3.8677083 15.6990000 5.4406186
Pt 372 3.8677083 15.6990000 5.4760000
Pt 373 3.8677083 16.3040000 5.4760000
Pt 374 3.8395568 7.1738523 5.4260000
Pt 375 3.8395568 7.1738523 5.2060000
Pt 376 3.8395568 6.5688523 5.2060000
Pt 377 3.8395568 6.5688523 5.4260000
Pt 378 3.4906695 7.1738523 5.4760000
Pt 379 3.4906695 6.5688523 5.4760000
Pt 380 3.4906695 6.5688523 5.4178230
Pt 381 3.4906695 7.1738523 5.4178230
Pt 382 3.8576695 7.1738523 5.4406186
Pt 383 3.8576695 6.5688523 5.4406186
Pt 384 3.7439726 7.1738523 5.2060000
Pt 385 3.8576695 7.1738523 5.4760000
Pt 386 3.8576695 6.5688523 5.4760000
Pt 387 3.7439726 6.5688523 5.2060000
Pt 388 4.9270000 0.1993940 0.8850000
Pt 389 4.9270000 0.2400000 0.7455723
Pt 390 4.9270000 0.2400000 0.2300000
Pt 391 3.1290000 0.2400000 0.2300000
Pt 392 3.1290000 0.2400000 0.7455723
Pt 393 3.1290000 0.1993940 0.8850000
Pt 394 0.3700000 5.5467797 1.4290000
Pt 395 0.3700000 5.6267797 1.4290000
Pt 396 0.3700000 5.6267797 1.0400000
Pt 397 0.3700000 5.5467797 1.0400000
Pt 398 0.2590000 5.5467797 1.0400000
Pt 399 0.2590000 5.5467797 1.4290000
Pt 400 0.2590000 5.6267797 1.0400000
Pt 401 0.2590000 5.6267797 1.4290000
Pt 402 0.3700000 5.6267797 4.5130000
Pt 403 0.3700000 5.6267797 0.0000000
Pt 404 0.3700000 5.9017797 4.5130000
Pt 405 0.3700000 5.9017797 0.0000000
Pt 406 2.9831545 7.8524178 0.8736651
Pt 407 2.9831545 7.5104178 0.8736651
Pt 408 2.9831545 7.5104178 0.0090000
Pt 409 2.9831545 6.7504178 0.0090000
Pt 410 2.9831545 6.7504178 0.8736651
Pt 411 2.9831545 6.4104178 0.8736651
Pt 412 2.9831545 6.4104178 0.9190000
Pt 413 2.9831545 7.8524178 0.9190000
Pt 414 3.7451545 7.8524178 0.9190000
Pt 415 3.7451545 6.4104178 0.9190000
Pt 416 3.7451545 7.8524178 0.8736651
Pt 417 3.7451545 7.5104178 0.0090000
Pt 418 3.7451545 7.5104178 0.8736651
Pt 419 3.7451545 6.4104178 0.8736651
Pt 420 3.7451545 6.7504178 0.8736651
Pt 421 3.7451545 6.7504178 0.0090000
Pt 422 0.3700000 14.1467797 0.0000000
Pt 423 0.3700000 14.1467797 4.5130000
Pt 424 0.3700000 13.8717797 4.5130000
Pt 425 0.3700000 13.8717797 0.0000000
Pt 426 0.2590000 14.2267797 1.4290000
Pt 427 0.3700000 14.2267797 1.4290000
Pt 428 0.3700000 14.2267797 1.0400000
Pt 429 0.2590000 14.2267797 1.0400000
Pt 430 0.3700000 10.0867797 4.5130000
Pt 431 0.3700000 9.6867797 4.5130000
Pt 432 0.3700000 10.0867797 0.0000000
Pt 433 0.3700000 9.6867797 0.0000000
Pt 434 2.9499433 9.5153685 0.0008090
Pt 435 2.9272999 9.5153685 0.0008090
Pt 436 2.9272999 9.5153685 0.0234524
Pt 437 2.9150524 9.5153685 0.0234524
Pt 438 2.9150524 9.5153685 0.0434524
Pt 439 3.1250524 9.5153685 0.0434524
Pt 440 3.1250524 9.5153685 0.6734524
Pt 441 3.1513075 9.5153685 0.6734524
Pt 442 3.1513075 9.5153685 0.0434524
Pt 443 3.3171014 9.5153685 0.0434524
Pt 444 3.3171014 9.5153685 0.6734524
Pt 445 3.3505777 9.5153685 0.6734524
Pt 446 3.3505777 9.5153685 0.0434524
Pt 447 3.5605777 9.5153685 0.0434524
Pt 448 3.5605777 9.5153685 0.0234524
Pt 449 3.5507249 9.5153685 0.0234524
Pt 450 3.5507249 9.5153685 0.0008090
Pt 451 3.5280815 9.5153685 0.0008090
Pt 452 3.5280815 9.5153685 0.0234524
Pt 453 2.9499433 9.5153685 0.0234524
Pt 454 2.9499433 9.4785278 0.0008090
Pt 455 2.9499433 9.4785278 0.0234524
Pt 456 3.5507249 9.4785278 0.0008090
Pt 457 3.5280815 9.4785278 0.0008090
Pt 458 2.9272999 9.4785278 0.0008090
Pt 459 3.5280815 9.4785278 0.0234524
Pt 460 3.5507249 9.4785278 0.0234524
Pt 461 3.5605777 9.4785278 0.0234524
Pt 462 3.5605777 9.4785278 0.0434524
Pt 463 3.3505777 9.4785278 0.0434524
Pt 464 3.3505777 9.4785278 0.6734524
Pt 465 3.3171014 9.4785278 0.6734524
Pt 466 3.3171014 9.4785278 0.0434524
Pt 467 3.1513075 9.4785278 0.0434524
Pt 468 3.1513075 9.4785278 0.6734524
Pt 469 3.1250524 9.4785278 0.6734524
Pt 470 3.1250524 9.4785278 0.0434524
Pt 471 2.9150524 9.4785278 0.0434524
Pt 472 2.9150524 9.4785278 0.0234524
Pt 473 2.9272999 9.4785278 0.0234524
Pt 474 3.1248336 8.2518567 0.0434524
Pt 475 3.1248336 8.2886973 0.0434524
Pt 476 2.9148336 8.2886973 0.0434524
Pt 477 2.9148336 8.2518567 0.0434524
Pt 478 2.8648336 8.1418567 0.7108090
Pt 479 2.8648336 8.1418567 0.6734524
Pt 480 3.6048336 8.1418567 0.6734524
Pt 481 3.6048336 8.1418567 0.7108090
Pt 482 3.6048336 9.6248567 0.7108090
Pt 483 2.8648336 9.6248567 0.7108090
Pt 484 3.6048336 9.6248567 0.6734524
Pt 485 2.8648336 9.6248567 0.6734524
Pt 486 3.1510888 8.1418567 0.6734524
Pt 487 3.3503589 8.1418567 0.6734524
Pt 488 3.3503589 8.2518567 0.6734524
Pt 489 3.3168826 8.2518567 0.6734524
Pt 490 3.3168826 8.2886973 0.6734524
Pt 491 3.3503589 8.2886973 0.6734524
Pt 492 3.3505777 9.6248567 0.6734524
Pt 493 3.1513075 9.6248567 0.6734524
Pt 494 3.1510888 8.2518567 0.6734524
Pt 495 3.1248336 8.2518567 0.6734524
Pt 496 3.1248336 8.2886973 0.6734524
Pt 497 3.1510888 8.2886973 0.6734524
Pt 498 2.9497245 8.2518567 0.0008090
Pt 499 2.9497245 8.2886973 0.0008090
Pt 500 2.9497245 8.2886973 0.0234524
Pt 501 2.9497245 8.2518567 0.0234524
Pt 502 2.9270811 8.2518567 0.0008090
Pt 503 2.9270811 8.2886973 0.0008090
Pt 504 3.5278627 8.2518567 0.0234524
Pt 505 3.5278627 8.2886973 0.0234524
Pt 506 3.5278627 8.2886973 0.0008090
Pt 507 3.5278627 8.2518567 0.0008090
Pt 508 3.5505061 8.2518567 0.0008090
Pt 509 3.5505061 8.2886973 0.0008090
Pt 510 3.5505061 8.2886973 0.0234524
Pt 511 3.5505061 8.2518567 0.0234524
Pt 512 2.9270811 8.2518567 0.0234524
Pt 513 2.9270811 8.2886973 0.0234524
Pt 514 2.9148336 8.2518567 0.0234524
Pt 515 2.9148336 8.2886973 0.0234524
Pt 516 3.5603589 8.2518567 0.0434524
Pt 517 3.5603589 8.2886973 0.0434524
Pt 518 3.3503589 8.2886973 0.0434524
Pt 519 3.3503589 8.2518567 0.0434524
Pt 520 3.5603589 8.2518567 0.0234524
Pt 521 3.5603589 8.2886973 0.0234524
Pt 522 3.1510888 8.2518567 0.0434524
Pt 523 3.1510888 8.2886973 0.0434524
Pt 524 3.3168826 8.2518567 0.0434524
Pt 525 3.3168826 8.2886973 0.0434524
Pt 526 3.8665744 13.2611412 5.4406186
Pt 527 3.8484618 13.2611412 5.4260000
Pt 528 3.8484618 12.6561412 5.4260000
Pt 529 3.8665744 12.6561412 5.4406186
Pt 530 3.7528775 13.2611412 5.2060000
Pt 531 3.8484618 13.2611412 5.2060000
Pt 532 3.8665744 13.2611412 5.4760000
Pt 533 3.4995744 13.2611412 5.4760000
Pt 534 3.4995744 13.2611412 5.4178230
Pt 535 3.8484618 12.6561412 5.2060000
Pt 536 3.4995744 12.6561412 5.4760000
Pt 537 3.8665744 12.6561412 5.4760000
Pt 538 3.7528775 12.6561412 5.2060000
Pt 539 3.4995744 12.6561412 5.4178230
Pt 540 3.7546796 4.1330240 5.2060000
Pt 541 3.8502639 4.1330240 5.2060000
Pt 542 3.8502639 4.1330240 5.4260000
Pt 543 3.8683765 4.1330240 5.4406186
Pt 544 3.8683765 4.1330240 5.4760000
Pt 545 3.5013765 4.1330240 5.4760000
Pt 546 3.5013765 4.1330240 5.4178230
Pt 547 3.5013765 3.5280240 5.4760000
Pt 548 3.5013765 3.5280240 5.4178230
Pt 549 3.8502639 3.5280240 5.4260000
Pt 550 3.8683765 3.5280240 5.4406186
Pt 551 3.7546796 3.5280240 5.2060000
Pt 552 3.8683765 3.5280240 5.4760000
Pt 553 3.8502639 3.5280240 5.2060000
Pt 554 18.3420000 4.0985410 5.4760000
Pt 555 18.3420000 6.1512967 5.4760000
Pt 556 15.6973717 6.1512967 5.4760000
Pt 557 15.6973717 4.8542967 5.4760000
Pt 558 15.3843717 4.8542967 5.4760000
Pt 559 15.3843717 6.1512967 5.4760000
Pt 560 18.3420000 8.2149685 5.4760000
Pt 561 15.6973717 8.2149685 5.4760000
Pt 562 15.6973717 6.9179685 5.4760000
Pt 563 15.3843717 6.9179685 5.4760000
Pt 564 15.3843717 8.2149685 5.4760000
Pt 565 18.3420000 10.2730474 5.4760000
Pt 566 15.6973717 10.2730474 5.4760000
Pt 567 15.6973717 8.9760474 5.4760000
Pt 568 15.3843717 8.9760474 5.4760000
Pt 569 15.3843717 10.2730474 5.4760000
Pt 570 18.3420000 12.3099363 5.4760000
Pt 571 15.6973717 12.3099363 5.4760000
Pt 572 15.6973717 11.0129363 5.4760000
Pt 573 15.3843717 11.0129363 5.4760000
Pt 574 15.3843717 12.3099363 5.4760000
Pt 575 18.3420000 14.3650601 5.4760000
Pt 576 15.6973717 14.3650601 5.4760000
Pt 577 15.6973717 13.0680601 5.4760000
Pt 578 15.3843717 13.0680601 5.4760000
Pt 579 15.3843717 14.3650601 5.4760000
Pt 580 15.6973717 18.0000000 5.4760000
Pt 581 15.6973717 16.4590000 5.4760000
Pt 582 15.6973717 15.1620000 5.4760000
Pt 583 15.3843717 15.1620000 5.4760000
Pt 584 15.3843717 16.4590000 5.4760000
Pt 585 12.1255429 17.5700000 5.4760000
Pt 586 12.1255429 16.4590000 5.4760000
Pt 587 12.1255429 15.1620000 5.4760000
Pt 588 11.8125429 15.1620000 5.4760000
Pt 589 11.8125429 16.4590000 5.4760000
Pt 590 8.5644960 17.5700000 5.4760000
Pt 591 8.5644960 16.4590000 5.4760000
Pt 592 8.5644960 15.1620000 5.4760000
Pt 593 8.2514960 15.1620000 5.4760000
Pt 594 8.2514960 16.4590000 5.4760000
Pt 595 4.9820000 18.0000000 5.4760000
Pt 596 4.9820000 16.4590000 5.4760000
Pt 597 4.9820000 15.1620000 5.4760000
Pt 598 4.6690000 15.1620000 5.4760000
Pt 599 4.6690000 16.3040000 5.4760000
Pt 600 4.6690000 16.4590000 5.4760000
Pt 601 2.3290000 18.0000000 5.4760000
Pt 602 2.3290000 16.4590000 5.4760000
Pt 603 2.3290000 15.1620000 5.4760000
Pt 604 2.0160000 15.1620000 5.4760000
Pt 605 2.0160000 16.4590000 5.4760000
Pt 606 0.0000000 13.0618170 5.4760000
Pt 607 2.0160000 13.0618170 5.4760000
Pt 608 2.0160000 14.3588170 5.4760000
Pt 609 2.3290000 14.3588170 5.4760000
Pt 610 2.3290000 13.2611412 5.4760000
Pt 611 3.8665744 13.0753581 5.4760000
Pt 612 4.6690000 13.0753581 5.4760000
Pt 613 4.6690000 14.3723581 5.4760000
Pt 614 4.9820000 14.3723581 5.4760000
Pt 615 4.9820000 13.0898010 5.4760000
Pt 616 5.9849189 13.0898010 5.4760000
Pt 617 5.9849189 15.1308010 5.4760000
Pt 618 8.0145000 15.1308010 5.4760000
Pt 619 8.0145000 14.3649913 5.4760000
Pt 620 8.2514960 14.3649913 5.4760000
Pt 621 8.5644960 14.3649913 5.4760000
Pt 622 8.5644960 13.0679913 5.4760000
Pt 623 8.2514960 13.0679913 5.4760000
Pt 624 8.0145000 13.0898010 5.4760000
Pt 625 5.9849189 12.1606683 5.4760000
Pt 626 8.0145000 12.1606683 5.4760000
Pt 627 8.0145000 11.0129363 5.4760000
Pt 628 8.2514960 11.0129363 5.4760000
Pt 629 8.2514960 12.3099363 5.4760000
Pt 630 8.5644960 12.3099363 5.4760000
Pt 631 8.5644960 12.1606683 5.4760000
Pt 632 9.6046001 12.1606683 5.4760000
Pt 633 11.6341812 12.1606683 5.4760000
Pt 634 11.6341812 13.0662892 5.4760000
Pt 635 11.8125429 13.0662892 5.4760000
Pt 636 11.8125429 14.3632892 5.4760000
Pt 637 12.1255429 14.3632892 5.4760000
Pt 638 12.1255429 13.0662892 5.4760000
Pt 639 11.6341812 13.0898010 5.4760000
Pt 640 9.6046001 13.0898010 5.4760000
Pt 641 9.6046001 15.1308010 5.4760000
Pt 642 11.6341812 15.1308010 5.4760000
Pt 643 11.6341812 11.0129363 5.4760000
Pt 644 11.8125429 11.0129363 5.4760000
Pt 645 11.8125429 12.3099363 5.4760000
Pt 646 12.1255429 12.3099363 5.4760000
Pt 647 12.1255429 11.0129363 5.4760000
Pt 648 11.6341812 10.2730474 5.4760000
Pt 649 11.8125429 10.2730474 5.4760000
Pt 650 12.1255429 10.2730474 5.4760000
Pt 651 12.1255429 8.9760474 5.4760000
Pt 652 11.8125429 8.9760474 5.4760000
Pt 653 11.6341812 10.1196683 5.4760000
Pt 654 9.6046001 10.1196683 5.4760000
Pt 655 8.5644960 11.9490000 5.4760000
Pt 656 9.1840000 11.9490000 5.4760000
Pt 657 9.1840000 11.9890000 5.4760000
Pt 658 9.2240000 11.9890000 5.4760000
Pt 659 9.2240000 11.9490000 5.4760000
Pt 660 8.5644960 11.0129363 5.4760000
Pt 661 8.0145000 10.2730474 5.4760000
Pt 662 8.2514960 10.2730474 5.4760000
Pt 663 8.5644960 10.2730474 5.4760000
Pt 664 8.5644960 8.9760474 5.4760000
Pt 665 8.2514960 8.9760474 5.4760000
Pt 666 8.0145000 10.1196683 5.4760000
Pt 667 5.9849189 10.1196683 5.4760000
Pt 668 5.9849189 10.2730474 5.4760000
Pt 669 4.9820000 10.2730474 5.4760000
Pt 670 4.9820000 8.9760474 5.4760000
Pt 671 4.6690000 8.9760474 5.4760000
Pt 672 4.6690000 10.2730474 5.4760000
Pt 673 5.9849189 11.0129363 5.4760000
Pt 674 4.9820000 11.0129363 5.4760000
Pt 675 4.6690000 11.0129363 5.4760000
Pt 676 4.6690000 12.3099363 5.4760000
Pt 677 4.9820000 12.3099363 5.4760000
Pt 678 4.9820000 13.0753581 5.4760000
Pt 679 2.3290000 13.0618170 5.4760000
Pt 680 0.0000000 12.1470000 5.4760000
Pt 681 1.1880000 12.3099363 5.4760000
Pt 682 2.0160000 12.3099363 5.4760000
Pt 683 2.3290000 12.3099363 5.4760000
Pt 684 2.3290000 11.0129363 5.4760000
Pt 685 2.0160000 11.0129363 5.4760000
Pt 686 0.0000000 10.3770000 5.4760000
Pt 687 0.0000000 8.6070000 5.4760000
Pt 688 1.1880000 8.9760474 5.4760000
Pt 689 2.0160000 8.9760474 5.4760000
Pt 690 2.0160000 10.2730474 5.4760000
Pt 691 2.3290000 10.2730474 5.4760000
Pt 692 2.3290000 9.6135319 5.4760000
Pt 693 3.4997957 9.6135319 5.4760000
Pt 694 3.4997957 10.2185319 5.4760000
Pt 695 3.8667957 10.2185319 5.4760000
Pt 696 3.8667957 9.6135319 5.4760000
Pt 697 2.3290000 8.9760474 5.4760000
Pt 698 0.0000000 7.4370000 5.4760000
Pt 699 1.1880000 6.9179685 5.4760000
Pt 700 2.0160000 6.9179685 5.4760000
Pt 701 2.0160000 8.2149685 5.4760000
Pt 702 2.3290000 8.2149685 5.4760000
Pt 703 2.3290000 7.1738523 5.4760000
Pt 704 3.8576695 6.9179685 5.4760000
Pt 705 4.6690000 6.9179685 5.4760000
Pt 706 4.6690000 8.2149685 5.4760000
Pt 707 4.9820000 8.2149685 5.4760000
Pt 708 4.9820000 7.8870000 5.4760000
Pt 709 5.9849189 7.8870000 5.4760000
Pt 710 8.0145000 7.8870000 5.4760000
Pt 711 8.0145000 6.9179685 5.4760000
Pt 712 8.2514960 6.9179685 5.4760000
Pt 713 8.2514960 8.2149685 5.4760000
Pt 714 8.5644960 8.2149685 5.4760000
Pt 715 8.5644960 6.9179685 5.4760000
Pt 716 8.0145000 6.1512967 5.4760000
Pt 717 8.2514960 6.1512967 5.4760000
Pt 718 8.5644960 6.1512967 5.4760000
Pt 719 8.5644960 4.9060000 5.4760000
Pt 720 9.6046001 4.9060000 5.4760000
Pt 721 11.6341812 4.9060000 5.4760000
Pt 722 11.6341812 4.8542967 5.4760000
Pt 723 11.8125429 4.8542967 5.4760000
Pt 724 11.8125429 5.8460000 5.4760000
Pt 725 11.6341812 5.8460000 5.4760000
Pt 726 9.6046001 5.8460000 5.4760000
Pt 727 9.6046001 6.3048976 5.4760000
Pt 728 9.2240000 6.3048976 5.4760000
Pt 729 9.2240000 6.2648976 5.4760000
Pt 730 9.1840000 6.2648976 5.4760000
Pt 731 9.1840000 6.3048976 5.4760000
Pt 732 9.6046001 7.8870000 5.4760000
Pt 733 11.6341812 7.8870000 5.4760000
Pt 734 11.6341812 6.9179685 5.4760000
Pt 735 11.8125429 6.9179685 5.4760000
Pt 736 11.8125429 8.2149685 5.4760000
Pt 737 12.1255429 8.2149685 5.4760000
Pt 738 12.1255429 6.9179685 5.4760000
Pt 739 11.8125429 6.1512967 5.4760000
Pt 740 12.1255429 6.1512967 5.4760000
Pt 741 12.1255429 4.8542967 5.4760000
Pt 742 11.6341812 4.0985410 5.4760000
Pt 743 11.8125429 4.0985410 5.4760000
Pt 744 12.1255429 4.0985410 5.4760000
Pt 745 12.1255429 2.8015410 5.4760000
Pt 746 11.8125429 2.8015410 5.4760000
Pt 747 11.6341812 2.8650000 5.4760000
Pt 748 9.6046001 2.8650000 5.4760000
Pt 749 8.5644960 4.8542967 5.4760000
Pt 750 8.2514960 4.8542967 5.4760000
Pt 751 8.2514960 4.9060000 5.4760000
Pt 752 8.0145000 4.9060000 5.4760000
Pt 753 8.0145000 4.0985410 5.4760000
Pt 754 8.2514960 4.0985410 5.4760000
Pt 755 8.5644960 4.0985410 5.4760000
Pt 756 8.5644960 2.8015410 5.4760000
Pt 757 8.2514960 2.8015410 5.4760000
Pt 758 8.0145000 2.8650000 5.4760000
Pt 759 5.9849189 2.8650000 5.4760000
Pt 760 5.9849189 4.0985410 5.4760000
Pt 761 4.9820000 4.0985410 5.4760000
Pt 762 4.9820000 2.8015410 5.4760000
Pt 763 4.6690000 2.8015410 5.4760000
Pt 764 4.6690000 3.5280240 5.4760000
Pt 765 3.5013765 4.0985410 5.4760000
Pt 766 2.3290000 4.0985410 5.4760000
Pt 767 2.3290000 2.8015410 5.4760000
Pt 768 2.0160000 2.8015410 5.4760000
Pt 769 2.0160000 4.0985410 5.4760000
Pt 770 4.6690000 4.0985410 5.4760000
Pt 771 5.9849189 4.8542967 5.4760000
Pt 772 4.9820000 4.8542967 5.4760000
Pt 773 4.6690000 4.8542967 5.4760000
Pt 774 4.6690000 6.1512967 5.4760000
Pt 775 4.9820000 6.1512967 5.4760000
Pt 776 5.9849189 4.9060000 5.4760000
Pt 777 8.0145000 5.8460000 5.4760000
Pt 778 5.9849189 5.8460000 5.4760000
Pt 779 4.9820000 6.9179685 5.4760000
Pt 780 2.3290000 6.9179685 5.4760000
Pt 781 0.0000000 4.8542967 5.4760000
Pt 782 2.0160000 4.8542967 5.4760000
Pt 783 2.0160000 6.1512967 5.4760000
Pt 784 2.3290000 6.1512967 5.4760000
Pt 785 2.3290000 4.8542967 5.4760000
Pt 786 2.3290000 0.0000000 5.4760000
Pt 787 2.3290000 0.7331019 5.4760000
Pt 788 2.0160000 0.7331019 5.4760000
Pt 789 2.0160000 2.0301019 5.4760000
Pt 790 2.3290000 2.0301019 5.4760000
Pt 791 4.9820000 0.0000000 5.4760000
Pt 792 4.9820000 0.7331019 5.4760000
Pt 793 4.6690000 0.7331019 5.4760000
Pt 794 4.6690000 2.0301019 5.4760000
Pt 795 4.9820000 2.0301019 5.4760000
Pt 796 8.5644960 0.1500000 5.4760000
Pt 797 8.5644960 0.7331019 5.4760000
Pt 798 8.2514960 0.7331019 5.4760000
Pt 799 8.2514960 2.0301019 5.4760000
Pt 800 8.5644960 2.0301019 5.4760000
Pt 801 12.1255429 0.1500000 5.4760000
Pt 802 12.1255429 0.7331019 5.4760000
Pt 803 11.8125429 0.7331019 5.4760000
Pt 804 11.8125429 2.0301019 5.4760000
Pt 805 12.1255429 2.0301019 5.4760000
Pt 806 15.6973717 0.0000000 5.4760000
Pt 807 15.6973717 0.7331019 5.4760000
Pt 808 15.3843717 0.7331019 5.4760000
Pt 809 15.3843717 2.0301019 5.4760000
Pt 810 15.6973717 2.0301019 5.4760000
Pt 811 15.6973717 4.0985410 5.4760000
Pt 812 15.6973717 2.8015410 5.4760000
Pt 813 15.3843717 2.8015410 5.4760000
Pt 814 15.3843717 4.0985410 5.4760000
Pt 815 7.8840000 17.5560000 0.2370000
Pt 816 7.8840000 17.5560000 0.7525723
Pt 817 7.8840000 17.5966060 0.8920000
Pt 818 6.0860000 17.5560000 0.2370000
Pt 819 6.0860000 17.5966060 0.8920000
Pt 820 6.0860000 17.5560000 0.7525723
Pt 821 9.4130000 6.3048976 5.0560000
Pt 822 9.4130000 6.5048976 5.0560000
Pt 823 8.9950000 6.5048976 5.0560000
Pt 824 8.9950000 6.0648976 5.0560000
Pt 825 9.4130000 6.0648976 5.0560000
Pt 826 9.2240000 6.3048976 5.0560000
Pt 827 9.2240000 6.2648976 5.0560000
Pt 828 9.1840000 6.2648976 5.0560000
Pt 829 9.1840000 6.3048976 5.0560000
Pt 830 9.4130000 6.5048976 4.7960000
Pt 831 9.4130000 6.0648976 4.7960000
Pt 832 8.9950000 6.5048976 4.7960000
Pt 833 8.9950000 6.0648976 4.7960000
Pt 834 9.4130000 11.7490000 5.0560000
Pt 835 9.4130000 12.1890000 5.0560000
Pt 836 9.4130000 12.1890000 4.7960000
Pt 837 9.4130000 11.7490000 4.7960000
Pt 838 9.4130000 11.9890000 5.0560000
Pt 839 8.9950000 12.1890000 5.0560000
Pt 840 8.9950000 11.7490000 5.0560000
Pt 841 9.2240000 11.9890000 5.0560000
Pt 842 9.2240000 11.9490000 5.0560000
Pt 843 9.1840000 11.9490000 5.0560000
Pt 844 9.1840000 11.9890000 5.0560000
Pt 845 8.9950000 11.7490000 4.7960000
Pt 846 8.9950000 12.1890000 4.7960000
Pt 847 2.0160000 10.2730474 5.2060000
Pt 848 2.3290000 10.2730474 5.2060000
Pt 849 2.3290000 8.9760474 5.2060000
Pt 850 2.0160000 8.9760474 5.2060000
Pt 851 2.0160000 12.3099363 5.2060000
Pt 852 2.3290000 12.3099363 5.2060000
Pt 853 2.3290000 11.0129363 5.2060000
Pt 854 2.0160000 11.0129363 5.2060000
Pt 855 2.0160000 14.3588170 5.2060000
Pt 856 2.3290000 14.3588170 5.2060000
Pt 857 2.3290000 13.0618170 5.2060000
Pt 858 2.0160000 13.0618170 5.2060000
Pt 859 2.0160000 16.4590000 5.2060000
Pt 860 2.3290000 16.4590000 5.2060000
Pt 861 2.3290000 15.1620000 5.2060000
Pt 862 2.0160000 15.1620000 5.2060000
Pt 863 2.3290000 8.2149685 5.2060000
Pt 864 2.3290000 6.9179685 5.2060000
Pt 865 2.0160000 6.9179685 5.2060000
Pt 866 2.0160000 8.2149685 5.2060000
Pt 867 2.3290000 4.8542967 5.2060000
Pt 868 2.3290000 6.1512967 5.2060000
Pt 869 2.0160000 6.1512967 5.2060000
Pt 870 2.0160000 4.8542967 5.2060000
Pt 871 2.0160000 4.0985410 5.2060000
Pt 872 2.3290000 4.0985410 5.2060000
Pt 873 2.3290000 2.8015410 5.2060000
Pt 874 2.0160000 2.8015410 5.2060000
Pt 875 2.3290000 0.7331019 5.2060000
Pt 876 2.3290000 2.0301019 5.2060000
Pt 877 2.0160000 2.0301019 5.2060000
Pt 878 2.0160000 0.7331019 5.2060000
Pt 879 4.9820000 2.0301019 5.2060000
Pt 880 4.9820000 0.7331019 5.2060000
Pt 881 4.6690000 2.0301019 5.2060000
Pt 882 4.6690000 0.7331019 5.2060000
Pt 883 4.9820000 2.8015410 5.2060000
Pt 884 4.6690000 2.8015410 5.2060000
Pt 885 4.6690000 4.0985410 5.2060000
Pt 886 4.9820000 4.0985410 5.2060000
Pt 887 4.9820000 4.8542967 5.2060000
Pt 888 4.9820000 6.1512967 5.2060000
Pt 889 4.6690000 6.1512967 5.2060000
Pt 890 4.6690000 4.8542967 5.2060000
Pt 891 4.9820000 8.2149685 5.2060000
Pt 892 4.9820000 6.9179685 5.2060000
Pt 893 4.6690000 8.2149685 5.2060000
Pt 894 4.6690000 6.9179685 5.2060000
Pt 895 4.9820000 10.2730474 5.2060000
Pt 896 4.9820000 8.9760474 5.2060000
Pt 897 4.6690000 8.9760474 5.2060000
Pt 898 4.6690000 10.2730474 5.2060000
Pt 899 4.6690000 12.3099363 5.2060000
Pt 900 4.9820000 12.3099363 5.2060000
Pt 901 4.9820000 11.0129363 5.2060000
Pt 902 4.6690000 11.0129363 5.2060000
Pt 903 4.9820000 13.0753581 5.2060000
Pt 904 4.6690000 13.0753581 5.2060000
Pt 905 4.6690000 14.3723581 5.2060000
Pt 906 4.9820000 14.3723581 5.2060000
Pt 907 4.6690000 16.4590000 5.2060000
Pt 908 4.9820000 16.4590000 5.2060000
Pt 909 4.9820000 15.1620000 5.2060000
Pt 910 4.6690000 15.1620000 5.2060000
Pt 911 8.5644960 16.4590000 5.2060000
Pt 912 8.5644960 15.1620000 5.2060000
Pt 913 8.2514960 16.4590000 5.2060000
Pt 914 8.2514960 15.1620000 5.2060000
Pt 915 8.2514960 14.3649913 5.2060000
Pt 916 8.5644960 14.3649913 5.2060000
Pt 917 8.5644960 13.0679913 5.2060000
Pt 918 8.2514960 13.0679913 5.2060000
Pt 919 8.2514960 12.3099363 5.2060000
Pt 920 8.5644960 12.3099363 5.2060000
Pt 921 8.5644960 11.0129363 5.2060000
Pt 922 8.2514960 11.0129363 5.2060000
Pt 923 8.2514960 8.9760474 5.2060000
Pt 924 8.2514960 10.2730474 5.2060000
Pt 925 8.5644960 10.2730474 5.2060000
Pt 926 8.5644960 8.9760474 5.2060000
Pt 927 8.2514960 8.2149685 5.2060000
Pt 928 8.5644960 8.2149685 5.2060000
Pt 929 8.5644960 6.9179685 5.2060000
Pt 930 8.2514960 6.9179685 5.2060000
Pt 931 8.2514960 6.1512967 5.2060000
Pt 932 8.5644960 6.1512967 5.2060000
Pt 933 8.5644960 4.8542967 5.2060000
Pt 934 8.2514960 4.8542967 5.2060000
Pt 935 8.2514960 4.0985410 5.2060000
Pt 936 8.5644960 4.0985410 5.2060000
Pt 937 8.5644960 2.8015410 5.2060000
Pt 938 8.2514960 2.8015410 5.2060000
Pt 939 8.2514960 2.0301019 5.2060000
Pt 940 8.5644960 2.0301019 5.2060000
Pt 941 8.5644960 0.7331019 5.2060000
Pt 942 8.2514960 0.7331019 5.2060000
Pt 943 11.8125429 2.0301019 5.2060000
Pt 944 12.1255429 2.0301019 5.2060000
Pt 945 12.1255429 0.7331019 5.2060000
Pt 946 11.8125429 0.7331019 5.2060000
Pt 947 12.1255429 2.8015410 5.2060000
Pt 948 12.1255429 4.0985410 5.2060000
Pt 949 11.8125429 4.0985410 5.2060000
Pt 950 11.8125429 2.8015410 5.2060000
Pt 951 11.8125429 6.1512967 5.2060000
Pt 952 12.1255429 6.1512967 5.2060000
Pt 953 12.1255429 4.8542967 5.2060000
Pt 954 11.8125429 4.8542967 5.2060000
Pt 955 11.8125429 8.2149685 5.2060000
Pt 956 12.1255429 8.2149685 5.2060000
Pt 957 12.1255429 6.9179685 5.2060000
Pt 958 11.8125429 6.9179685 5.2060000
Pt 959 12.1255429 8.9760474 5.2060000
Pt 960 11.8125429 8.9760474 5.2060000
Pt 961 11.8125429 10.2730474 5.2060000
Pt 962 12.1255429 10.2730474 5.2060000
Pt 963 11.8125429 12.3099363 5.2060000
Pt 964 12.1255429 12.3099363 5.2060000
Pt 965 12.1255429 11.0129363 5.2060000
Pt 966 11.8125429 11.0129363 5.2060000
Pt 967 12.1255429 14.3632892 5.2060000
Pt 968 12.1255429 13.0662892 5.2060000
Pt 969 11.8125429 14.3632892 5.2060000
Pt 970 11.8125429 13.0662892 5.2060000
Pt 971 12.1255429 15.1620000 5.2060000
Pt 972 12.1255429 16.4590000 5.2060000
Pt 973 11.8125429 16.4590000 5.2060000
Pt 974 11.8125429 15.1620000 5.2060000
Pt 975 15.3843717 16.4590000 5.2060000
Pt 976 15.6973717 16.4590000 5.2060000
Pt 977 15.6973717 15.1620000 5.2060000
Pt 978 15.3843717 15.1620000 5.2060000
Pt 979 15.3843717 14.3650601 5.2060000
Pt 980 15.6973717 14.3650601 5.2060000
Pt 981 15.6973717 13.0680601 5.2060000
Pt 982 15.3843717 13.0680601 5.2060000
Pt 983 15.3843717 12.3099363 5.2060000
Pt 984 15.6973717 12.3099363 5.2060000
Pt 985 15.6973717 11.0129363 5.2060000
Pt 986 15.3843717 11.0129363 5.2060000
Pt 987 15.3843717 10.2730474 5.2060000
Pt 988 15.6973717 10.2730474 5.2060000
Pt 989 15.6973717 8.9760474 5.2060000
Pt 990 15.3843717 8.9760474 5.2060000
Pt 991 15.3843717 8.2149685 5.2060000
Pt 992 15.6973717 8.2149685 5.2060000
Pt 993 15.6973717 6.9179685 5.2060000
Pt 994 15.3843717 6.9179685 5.2060000
Pt 995 15.3843717 6.1512967 5.2060000
Pt 996 15.6973717 6.1512967 5.2060000
Pt 997 15.6973717 4.8542967 5.2060000
Pt 998 15.3843717 4.8542967 5.2060000
Pt 999 15.3843717 4.0985410 5.2060000
Pt 1000 15.6973717 4.0985410 5.2060000
Pt 1001 15.6973717 2.8015410 5.2060000
Pt 1002 15.3843717 2.8015410 5.2060000
Pt 1003 15.3843717 2.0301019 5.2060000
Pt 1004 15.6973717 2.0301019 5.2060000
Pt 1005 15.6973717 0.7331019 5.2060000
Pt 1006 15.3843717 0.7331019 5.2060000
Pt 1007 3.7530988 10.2185319 5.2060000
Pt 1008 3.8486830 10.2185319 5.2060000
Pt 1009 3.8486830 10.2185319 5.4260000
Pt 1010 3.8667957 10.2185319 5.4406186
Pt 1011 3.4997957 10.2185319 5.4178230
Pt 1012 3.7530988 9.6135319 5.2060000
Pt 1013 3.8486830 9.6135319 5.2060000
Pt 1014 3.8486830 9.6135319 5.4260000
Pt 1015 3.8667957 9.6135319 5.4406186
Pt 1016 3.4997957 9.6135319 5.4178230
Pt 1017 18.3420000 15.1070000 0.0000000
Pt 1018 18.3420000 15.1070000 0.2370000
Pt 1019 18.3420000 15.1070000 0.5750000
Pt 1020 18.3420000 15.1070000 0.6810000
Pt 1021 18.3420000 15.1070000 1.7550000
Pt 1022 18.3420000 15.1070000 1.8610000
Pt 1023 18.3420000 15.1070000 2.1910000
Pt 1024 18.3420000 0.1470000 0.0000000
Pt 1025 18.3420000 0.1470000 3.5420000
Pt 1026 18.3420000 15.0768512 0.0000000
Pt 1027 17.3920000 15.0768512 0.0000000
Pt 1028 17.3920000 0.1470000 0.0000000
Pt 1029 17.3920000 0.1470000 3.2473577
Pt 1030 17.3920000 0.1470000 3.3953577
Pt 1031 18.3420000 0.1470000 3.6900000
Pt 1032 18.3420000 0.1470000 4.4342719
Pt 1033 18.3420000 15.0768512 4.4342719
Pt 1034 17.3920000 0.1470000 4.4342719
Pt 1035 17.3920000 15.0768512 4.4342719
Pt 1036 10.6193906 3.8855000 5.4060000
Pt 1037 10.6193906 6.8665000 5.4060000
Pt 1038 10.6193906 11.1401683 5.4060000
Pt 1039 10.6193906 14.1103010 5.4060000
Pt 1040 6.9997094 14.1103010 5.4060000
Pt 1041 6.9997094 11.1401683 5.4060000
Pt 1042 6.9997094 6.8665000 5.4060000
Pt 1043 6.9997094 3.8855000 5.4060000
BlockEnd Corner section
BlockBegin Surface section
BlockBegin Layer Glass
Layer "Glass" Navy
Surf 1 Glass
1 2 3 4 
BlockEnd Layer Glass
BlockBegin Layer Metal
Layer "Metal" Olive
Surf 2 Metal
5 6 7 8 
BlockEnd Layer Metal
BlockBegin Layer Glass
Layer "Glass" Navy
Surf 3 Glass
9 10 11 12 
BlockEnd Layer Glass
BlockBegin Layer Layer0
Layer "Layer0" Blue
Surf 4 Layer0
12 11 13 14 15 
BlockEnd Layer Layer0
BlockBegin Layer Wall
Layer "Wall" Maroon
Surf 5 Wall
16 17 15 14 
BlockEnd Layer Wall
BlockBegin Layer Layer0
Layer "Layer0" Blue
Surf 6 Layer0
18 19 20 21 22 23 17 16 
BlockEnd Layer Layer0
BlockBegin Layer Wall
Layer "Wall" Maroon
Surf 7 Wall
23 22 24 25 
Surf 8 Wall
26 27 28 29 30 31 32 33 34 35 36 37 38 39 40 41 42 43 44 45 46 26 47 48 49 50 47 
Surf 9 Wall
46 27 51 52 
Surf 10 Wall
53 54 52 51 
Surf 12 Wall
55 56 57 58 59 55 60 61 62 63 60 
BlockEnd Layer Wall
BlockBegin Layer Plastic Soft
Layer "Plastic Soft" SkyBlue
Surf 14 Plastic Soft
64 65 66 67 
BlockEnd Layer Plastic Soft
BlockBegin Layer Wall
Layer "Wall" Maroon
Surf 15 Wall
68 69 70 71 
Surf 16 Wall
10 9 71 70 
BlockEnd Layer Wall
BlockBegin Layer Plastic Soft
Layer "Plastic Soft" SkyBlue
Surf 17 Plastic Soft
72 73 74 75 76 77 78 79 
BlockEnd Layer Plastic Soft
BlockBegin Layer Wall
Layer "Wall" Maroon
Surf 18 Wall
69 80 10 70 
Surf 19 Wall
81 13 11 10 80 82 83 84 81 85 86 87 88 85 
BlockEnd Layer Wall
BlockBegin Layer Door
Layer "Door" Lime
Surf 24 Door
89 90 91 92 93 
BlockEnd Layer Door
BlockBegin Layer Wall
Layer "Wall" Maroon
Surf 25 Wall
91 90 89 93 94 83 82 95 96 
BlockEnd Layer Wall
BlockBegin Layer Door
Layer "Door" Lime
Surf 26 Door
97 92 91 96 98 99 100 8 7 6 5 8 100 97 2 1 4 3 2 
Surf 27 Door
101 99 102 94 93 92 103 104 105 106 107 104 103 101 108 109 110 111 108 
BlockEnd Layer Door
BlockBegin Layer Plastic Soft
Layer "Plastic Soft" SkyBlue
Surf 28 Plastic Soft
112 113 114 115 
BlockEnd Layer Plastic Soft
BlockBegin Layer Door
Layer "Door" Lime
Surf 29 Door
116 117 118 119 
BlockEnd Layer Door
BlockBegin Layer Layer0
Layer "Layer0" Blue
Surf 30 Layer0
102 84 83 94 
BlockEnd Layer Layer0
BlockBegin Layer Wall
Layer "Wall" Maroon
Surf 31 Wall
120 98 96 95 
BlockEnd Layer Wall
BlockBegin Layer Door
Layer "Door" Lime
Surf 32 Door
121 30 29 28 122 123 124 125 126 127 124 123 121 128 129 130 131 128 
BlockEnd Layer Door
BlockBegin Layer Glass
Layer "Glass" Navy
Surf 33 Glass
132 133 134 135 
BlockEnd Layer Glass
BlockBegin Layer Layer0
Layer "Layer0" Blue
Surf 34 Layer0
136 137 138 139 
Surf 35 Layer0
137 140 141 138 
BlockEnd Layer Layer0
BlockBegin Layer Door
Layer "Door" Lime
Surf 36 Door
142 143 144 145 146 147 144 143 141 148 139 138 142 149 150 151 152 149 
Surf 37 Door
153 136 139 148 
BlockEnd Layer Door
BlockBegin Layer Plastic Soft
Layer "Plastic Soft" SkyBlue
Surf 38 Plastic Soft
119 154 155 156 116 
BlockEnd Layer Plastic Soft
BlockBegin Layer Wall
Layer "Wall" Maroon
Surf 39 Wall
157 158 19 18 
BlockEnd Layer Wall
BlockBegin Layer Metal
Layer "Metal" Olive
Surf 41 Metal
151 150 149 152 
Surf 42 Metal
146 145 144 147 
BlockEnd Layer Metal
BlockBegin Layer Door
Layer "Door" Lime
Surf 43 Door
159 160 161 162 163 159 132 135 134 133 132 
Surf 44 Door
164 122 32 31 30 165 166 167 168 169 166 165 164 170 171 172 173 170 
BlockEnd Layer Door
BlockBegin Layer Wall
Layer "Wall" Maroon
Surf 45 Wall
174 175 176 177 
BlockEnd Layer Wall
BlockBegin Layer Glass
Layer "Glass" Navy
Surf 46 Glass
178 179 175 174 
BlockEnd Layer Glass
BlockBegin Layer Wall
Layer "Wall" Maroon
Surf 47 Wall
180 181 182 183 
BlockEnd Layer Wall
BlockBegin Layer Glass
Layer "Glass" Navy
Surf 49 Glass
184 185 186 187 
BlockEnd Layer Glass
BlockBegin Layer Wall
Layer "Wall" Maroon
Surf 50 Wall
184 180 183 188 
BlockEnd Layer Wall
BlockBegin Layer Glass
Layer "Glass" Navy
Surf 53 Glass
35 36 189 190 
BlockEnd Layer Glass
BlockBegin Layer Wall
Layer "Wall" Maroon
Surf 54 Wall
187 186 191 192 
BlockEnd Layer Wall
BlockBegin Layer Metal
Layer "Metal" Olive
Surf 56 Metal
105 104 107 106 
BlockEnd Layer Metal
BlockBegin Layer Wall
Layer "Wall" Maroon
Surf 57 Wall
193 194 195 196 
Surf 58 Wall
175 179 197 176 
Surf 59 Wall
179 178 198 197 
Surf 63 Wall
199 200 201 202 
Surf 64 Wall
185 184 188 203 
Surf 66 Wall
177 195 196 204 205 201 202 206 207 182 183 188 203 191 192 208 209 42 41 210 211 38 37 212 213 198 197 176 177 214 215 216 217 214 
Surf 67 Wall
218 219 215 216 
Surf 69 Wall
220 221 217 214 
Surf 70 Wall
221 218 216 217 
Surf 71 Wall
190 189 212 213 
Surf 72 Wall
189 36 37 212 
Surf 73 Wall
39 222 211 38 
Surf 74 Wall
222 223 210 211 
Surf 75 Wall
223 40 41 210 
Surf 76 Wall
224 187 192 208 
Surf 77 Wall
186 185 203 191 
Surf 78 Wall
225 224 208 209 
Surf 79 Wall
43 225 209 42 
BlockEnd Layer Wall
BlockBegin Layer Layer0
Layer "Layer0" Blue
Surf 80 Layer0
33 34 226 227 
BlockEnd Layer Layer0
BlockBegin Layer Wall
Layer "Wall" Maroon
Surf 81 Wall
228 229 230 231 
Surf 82 Wall
232 233 234 235 
BlockEnd Layer Wall
BlockBegin Layer Soft Metal
Layer "Soft Metal" Fuchsia
Surf 83 Soft Metal
236 237 238 239 
BlockEnd Layer Soft Metal
BlockBegin Layer Glass
Layer "Glass" Navy
Surf 84 Glass
223 222 39 40 
Surf 85 Glass
224 225 43 44 
BlockEnd Layer Glass
BlockBegin Layer Metal
Layer "Metal" Olive
Surf 86 Metal
66 65 240 241 
Surf 87 Metal
113 112 242 243 
Surf 88 Metal
155 154 244 245 
Surf 89 Metal
73 72 246 247 
Surf 90 Metal
74 73 247 248 
Surf 91 Metal
114 113 243 249 
Surf 92 Metal
67 66 241 250 
Surf 93 Metal
156 155 245 251 
Surf 94 Metal
251 245 244 249 243 242 250 241 240 248 247 246 
BlockEnd Layer Metal
BlockBegin Layer Glass
Layer "Glass" Navy
Surf 95 Glass
128 129 130 131 
BlockEnd Layer Glass
BlockBegin Layer Metal
Layer "Metal" Olive
Surf 96 Metal
166 167 168 169 
Surf 97 Metal
126 127 124 125 
BlockEnd Layer Metal
BlockBegin Layer Glass
Layer "Glass" Navy
Surf 98 Glass
172 173 170 171 
BlockEnd Layer Glass
BlockBegin Layer Ceiling
Layer "Ceiling" Fuchsia
Surf 99 Ceiling
252 253 254 255 
Surf 100 Ceiling
253 256 257 254 
Surf 101 Ceiling
258 255 254 257 
Surf 102 Ceiling
252 259 256 253 
Surf 103 Ceiling
259 252 255 258 
Surf 104 Ceiling
260 261 262 263 
Surf 105 Ceiling
260 263 264 265 
Surf 106 Ceiling
263 262 266 264 
Surf 107 Ceiling
261 260 265 267 
Surf 108 Ceiling
267 265 264 266 
Surf 109 Ceiling
268 269 270 271 
Surf 110 Ceiling
272 268 271 273 
Surf 111 Ceiling
274 273 271 270 
Surf 112 Ceiling
272 275 269 268 
Surf 113 Ceiling
275 272 273 274 
Surf 114 Ceiling
276 277 278 279 
Surf 115 Ceiling
280 281 282 283 
Surf 116 Ceiling
277 276 281 280 
Surf 117 Ceiling
276 279 282 281 
Surf 118 Ceiling
279 278 283 282 
BlockEnd Layer Ceiling
BlockBegin Layer Glass
Layer "Glass" Navy
Surf 119 Glass
284 285 286 287 
Surf 120 Glass
288 289 290 291 
Surf 121 Glass
292 293 294 295 
BlockEnd Layer Glass
BlockBegin Layer Metal
Layer "Metal" Olive
Surf 122 Metal
296 297 298 299 300 301 302 303 304 305 306 307 308 305 304 309 310 311 312 296 313 314 315 316 313 
BlockEnd Layer Metal
BlockBegin Layer Layer0
Layer "Layer0" Blue
Surf 123 Layer0
290 289 309 310 
Surf 124 Layer0
289 288 304 309 
Surf 125 Layer0
288 291 303 304 
Surf 126 Layer0
295 294 301 302 
Surf 127 Layer0
294 293 300 301 
Surf 128 Layer0
293 292 299 300 
Surf 129 Layer0
79 78 297 298 
Surf 130 Layer0
78 77 312 297 
Surf 131 Layer0
77 76 311 312 
Surf 132 Layer0
317 318 306 307 
Surf 133 Layer0
318 319 305 306 
Surf 134 Layer0
319 320 308 305 
Surf 135 Layer0
320 317 307 308 
Surf 136 Layer0
285 284 313 314 
Surf 137 Layer0
284 287 316 313 
Surf 138 Layer0
287 286 315 316 
Surf 139 Layer0
286 285 314 315 
BlockEnd Layer Layer0
BlockBegin Layer Glass
Layer "Glass" Navy
Surf 140 Glass
318 317 320 319 
BlockEnd Layer Glass
BlockBegin Layer Wall
Layer "Wall" Maroon
Surf 141 Wall
321 322 323 324 325 326 327 328 329 330 331 332 333 140 137 136 153 162 161 160 163 120 95 82 80 69 68 115 114 249 244 154 119 118 117 321 334 335 336 337 334 
BlockEnd Layer Wall
BlockBegin Layer Glass
Layer "Glass" Navy
Surf 143 Glass
111 110 109 108 
BlockEnd Layer Glass
BlockBegin Layer Radiator
Layer "Radiator" Gray
Surf 145 Radiator
337 338 339 340 334 
Surf 146 Radiator
341 342 338 339 
Surf 147 Radiator
343 341 342 336 335 
Surf 148 Radiator
335 334 340 343 
Surf 149 Radiator
340 339 341 343 
Surf 150 Radiator
336 342 338 337 
Surf 189 Radiator
344 345 346 49 50 
Surf 190 Radiator
50 47 347 344 
Surf 191 Radiator
345 346 348 349 
Surf 192 Radiator
48 348 349 347 47 
Surf 193 Radiator
49 346 348 48 
Surf 194 Radiator
347 349 345 344 
BlockEnd Layer Radiator
BlockBegin Layer Plastic Hard
Layer "Plastic Hard" Purple
Surf 201 Plastic Hard
350 351 326 325 
Surf 202 Plastic Hard
352 353 330 329 
Surf 203 Plastic Hard
354 355 230 229 
Surf 204 Plastic Hard
356 357 234 233 
BlockEnd Layer Plastic Hard
BlockBegin Layer Door
Layer "Door" Lime
Surf 205 Door
91 358 90 
Surf 206 Door
91 92 93 359 358 
Surf 207 Door
358 90 89 359 
Surf 208 Door
93 89 359 
BlockEnd Layer Door
BlockBegin Layer Radiator
Layer "Radiator" Gray
Surf 884 Radiator
360 361 362 363 
Surf 885 Radiator
364 365 362 361 
Surf 886 Radiator
366 367 368 369 
Surf 887 Radiator
370 366 369 371 
Surf 888 Radiator
367 360 363 368 
Surf 889 Radiator
365 372 371 369 368 363 362 
Surf 890 Radiator
360 367 366 370 373 364 361 
Surf 891 Radiator
372 373 370 371 
Surf 892 Radiator
372 373 364 365 
Surf 893 Radiator
374 375 376 377 
Surf 894 Radiator
378 379 380 381 
Surf 895 Radiator
382 374 377 383 
Surf 896 Radiator
384 375 374 382 385 378 381 
Surf 897 Radiator
379 386 383 377 376 387 380 
Surf 898 Radiator
386 385 382 383 
Surf 899 Radiator
384 381 380 387 
Surf 900 Radiator
375 384 387 376 
Surf 901 Radiator
385 378 379 386 
Surf 902 Radiator
88 388 389 390 85 
Surf 903 Radiator
86 85 390 391 
Surf 904 Radiator
391 392 393 87 86 
Surf 905 Radiator
87 393 388 88 
Surf 906 Radiator
390 389 392 391 
BlockEnd Layer Radiator
BlockBegin Layer Wall
Layer "Wall" Maroon
Surf 907 Wall
88 87 86 85 
BlockEnd Layer Wall
BlockBegin Layer Radiator
Layer "Radiator" Gray
Surf 908 Radiator
392 393 388 389 
BlockEnd Layer Radiator
BlockBegin Layer Soft Metal
Layer "Soft Metal" Fuchsia
Surf 909 Soft Metal
394 395 396 397 
Surf 910 Soft Metal
394 397 398 399 
Surf 911 Soft Metal
396 400 398 397 
Surf 912 Soft Metal
400 401 399 398 
Surf 913 Soft Metal
401 395 394 399 
Surf 914 Soft Metal
395 396 400 401 
Surf 915 Soft Metal
332 402 395 401 400 396 403 333 
Surf 916 Soft Metal
332 331 404 402 
Surf 917 Soft Metal
405 403 396 395 402 404 353 354 
Surf 918 Soft Metal
353 404 331 330 
Surf 919 Soft Metal
405 354 229 228 
BlockEnd Layer Soft Metal
BlockBegin Layer Door
Layer "Door" Lime
Surf 951 Door
406 407 408 409 410 411 412 413 
Surf 952 Door
414 413 412 415 
Surf 953 Door
414 416 406 413 
Surf 954 Door
417 418 416 414 415 419 420 421 
Surf 955 Door
412 411 419 415 
Surf 956 Door
416 418 407 406 
Surf 957 Door
407 418 417 408 
Surf 958 Door
409 408 417 421 
Surf 959 Door
409 421 420 410 
Surf 960 Door
411 410 420 419 
BlockEnd Layer Door
BlockBegin Layer Soft Metal
Layer "Soft Metal" Fuchsia
Surf 1298 Soft Metal
322 422 236 239 238 237 423 323 
Surf 1299 Soft Metal
423 424 324 323 
Surf 1300 Soft Metal
424 423 237 236 422 425 357 350 
Surf 1301 Soft Metal
424 350 325 324 
Surf 1302 Soft Metal
357 425 235 234 
Surf 1303 Soft Metal
237 238 426 427 
Surf 1304 Soft Metal
428 427 426 429 
Surf 1305 Soft Metal
239 236 428 429 
Surf 1306 Soft Metal
428 236 237 427 
Surf 1307 Soft Metal
238 239 429 426 
Surf 1308 Soft Metal
328 327 430 431 
Surf 1309 Soft Metal
431 430 351 356 432 433 355 352 
Surf 1310 Soft Metal
431 352 329 328 
Surf 1311 Soft Metal
355 433 231 230 
Surf 1312 Soft Metal
432 356 233 232 
Surf 1313 Soft Metal
351 430 327 326 
BlockEnd Layer Soft Metal
BlockBegin Layer Door
Layer "Door" Lime
Surf 1314 Door
434 435 436 437 438 439 440 441 442 443 444 445 446 447 448 449 450 451 452 453 
Surf 1315 Door
454 434 453 455 
Surf 1316 Door
456 457 451 450 
Surf 1317 Door
458 454 455 459 457 456 460 461 462 463 464 465 466 467 468 469 470 471 472 473 
Surf 1318 Door
474 475 476 477 
Surf 1319 Door
478 479 480 481 
Surf 1320 Door
478 481 482 483 
Surf 1321 Door
482 484 485 483 
Surf 1322 Door
483 485 479 478 
Surf 1323 Door
441 468 467 442 
Surf 1324 Door
486 487 488 489 490 491 488 487 480 484 492 445 464 465 444 445 492 493 441 468 469 440 441 493 485 479 486 494 495 496 497 494 
Surf 1325 Door
481 480 484 482 
Surf 1326 Door
498 499 500 501 
Surf 1327 Door
502 503 499 498 
Surf 1328 Door
504 505 506 507 
Surf 1329 Door
501 500 505 504 
Surf 1330 Door
508 509 510 511 
Surf 1331 Door
507 506 509 508 
Surf 1332 Door
512 513 503 502 
Surf 1333 Door
514 515 513 512 
Surf 1334 Door
477 476 515 514 
Surf 1335 Door
516 517 518 519 
Surf 1336 Door
520 521 517 516 
Surf 1337 Door
511 510 521 520 
Surf 1338 Door
522 523 497 494 
Surf 1339 Door
495 496 475 474 
Surf 1340 Door
519 518 491 488 
Surf 1341 Door
512 502 498 501 504 507 508 511 520 516 519 488 489 524 522 494 495 474 477 514 
Surf 1342 Door
525 523 522 524 
Surf 1343 Door
489 490 525 524 
Surf 1344 Door
491 518 517 521 510 509 506 505 500 499 503 513 515 476 475 496 497 523 525 490 
Surf 1345 Door
460 449 448 461 
Surf 1346 Door
455 453 452 459 
Surf 1347 Door
470 439 438 471 
Surf 1348 Door
462 447 446 463 
Surf 1349 Door
443 442 467 466 
Surf 1350 Door
461 448 447 462 
Surf 1351 Door
445 464 463 446 
Surf 1352 Door
465 444 443 466 
Surf 1353 Door
469 440 439 470 
Surf 1354 Door
472 437 436 473 
Surf 1355 Door
471 438 437 472 
Surf 1356 Door
451 457 459 452 
Surf 1357 Door
456 450 449 460 
Surf 1358 Door
435 458 473 436 
Surf 1359 Door
435 434 454 458 
BlockEnd Layer Door
BlockBegin Layer Blackboard
Layer "Blackboard" MoneyGreen
Surf 1360 Blackboard
356 351 350 357 
Surf 1361 Blackboard
352 355 354 353 
BlockEnd Layer Blackboard
BlockBegin Layer Radiator
Layer "Radiator" Gray
Surf 1512 Radiator
526 527 528 529 
Surf 1513 Radiator
530 531 527 526 532 533 534 
Surf 1514 Radiator
527 531 535 528 
Surf 1515 Radiator
536 537 529 528 535 538 539 
Surf 1516 Radiator
531 530 538 535 
Surf 1517 Radiator
530 534 539 538 
Surf 1518 Radiator
533 536 539 534 
Surf 1519 Radiator
537 532 526 529 
Surf 1520 Radiator
532 533 536 537 
Surf 1611 Radiator
540 541 542 543 544 545 546 
Surf 1612 Radiator
545 547 548 546 
Surf 1613 Radiator
543 542 549 550 
Surf 1614 Radiator
540 546 548 551 
Surf 1615 Radiator
552 544 543 550 
Surf 1616 Radiator
547 552 550 549 553 551 548 
Surf 1617 Radiator
542 541 553 549 
Surf 1618 Radiator
541 540 551 553 
Surf 1619 Radiator
552 544 545 547 
BlockEnd Layer Radiator
BlockBegin Layer Wall
Layer "Wall" Maroon
Surf 11 Wall
59 56 54 53 
Surf 13 Wall
57 58 75 74 248 240 65 64 
BlockEnd Layer Wall
BlockBegin Layer Ceiling
Layer "Ceiling" Fuchsia
Surf 144 Ceiling
554 555 556 557 558 559 556 555 560 561 562 563 564 561 560 565 566 567 568 569 566 565 570 571 572 573 574 571 570 575 576 577 578 579 576 575 45 580 581 582 583 584 581 580 46 52 585 586 587 588 589 586 585 590 591 592 593 594 591 590 54 56 57 64 595 596 597 598 599 373 372 365 364 373 599 600 596 595 67 250 242 112 601 602 603 604 605 602 601 115 606 607 608 609 610 533 532 611 612 613 614 615 616 617 618 619 620 621 622 623 620 619 624 616 625 626 627 628 629 630 631 632 633 634 635 636 637 638 635 634 639 640 641 642 639 633 643 644 645 646 647 644 643 648 649 650 651 652 649 648 653 654 632 631 655 656 657 658 659 656 655 660 628 627 661 662 663 664 665 662 661 666 667 668 669 670 671 672 669 668 673 674 675 676 677 674 673 625 616 615 678 612 611 537 536 533 610 679 607 606 680 256 259 258 681 682 683 684 685 682 681 257 256 680 686 262 261 267 266 262 686 687 269 275 274 688 689 690 691 692 693 694 695 696 693 692 697 689 688 270 269 687 698 277 280 699 700 701 702 703 378 385 704 705 706 707 708 709 710 711 712 713 714 715 712 711 716 717 718 719 720 721 722 723 724 725 726 727 728 729 730 731 728 727 732 733 734 735 736 737 738 735 734 725 724 739 740 741 723 722 742 743 744 745 746 743 742 747 748 720 719 749 750 751 752 753 754 755 756 757 754 753 758 759 760 761 762 763 764 552 547 765 766 767 768 769 766 765 545 544 552 764 770 761 760 771 772 773 774 775 772 771 776 752 751 717 716 777 778 709 708 779 705 704 386 379 378 703 780 700 699 283 278 277 698 781 782 783 784 785 782 781 68 71 9 786 787 788 789 790 787 786 791 792 793 794 795 792 791 12 15 796 797 798 799 800 797 796 801 802 803 804 805 802 801 17 23 806 807 808 809 810 807 806 25 554 811 812 813 814 811 
BlockEnd Layer Ceiling
BlockBegin Layer Radiator
Layer "Radiator" Gray
Surf 197 Radiator
815 816 817 60 61 
Surf 198 Radiator
61 62 818 815 
Surf 195 Radiator
63 819 820 818 62 
Surf 200 Radiator
60 817 819 63 
Surf 199 Radiator
818 820 816 815 
Surf 196 Radiator
816 817 819 820 
BlockEnd Layer Radiator
BlockBegin Layer Plastic Hard
Layer "Plastic Hard" Purple
Surf 929 Plastic Hard
821 822 823 824 825 821 826 827 828 829 826 
BlockEnd Layer Plastic Hard
BlockBegin Layer Radiator
Layer "Radiator" Gray
Surf 1620 Radiator
728 731 730 729 
Surf 1621 Radiator
827 828 730 729 
Surf 1622 Radiator
826 827 729 728 
Surf 1623 Radiator
829 826 728 731 
BlockEnd Layer Radiator
BlockBegin Layer Plastic Hard
Layer "Plastic Hard" Purple
Surf 934 Plastic Hard
825 822 830 831 
Surf 947 Plastic Hard
832 830 822 823 
BlockEnd Layer Plastic Hard
BlockBegin Layer Radiator
Layer "Radiator" Gray
Surf 1624 Radiator
828 829 731 730 
BlockEnd Layer Radiator
BlockBegin Layer Plastic Hard
Layer "Plastic Hard" Purple
Surf 921 Plastic Hard
823 824 833 832 
Surf 927 Plastic Hard
833 831 825 824 
Surf 931 Plastic Hard
831 830 832 833 
Surf 1625 Plastic Hard
834 835 836 837 
Surf 1626 Plastic Hard
838 835 839 840 834 838 841 842 843 844 841 
BlockEnd Layer Plastic Hard
BlockBegin Layer Radiator
Layer "Radiator" Gray
Surf 1627 Radiator
843 844 657 656 
BlockEnd Layer Radiator
BlockBegin Layer Plastic Hard
Layer "Plastic Hard" Purple
Surf 1628 Plastic Hard
839 840 845 846 
Surf 1629 Plastic Hard
845 837 834 840 
Surf 1630 Plastic Hard
837 836 846 845 
BlockEnd Layer Plastic Hard
BlockBegin Layer Radiator
Layer "Radiator" Gray
Surf 1631 Radiator
658 657 656 659 
Surf 1632 Radiator
844 841 658 657 
Surf 1633 Radiator
841 842 659 658 
Surf 1634 Radiator
842 843 656 659 
BlockEnd Layer Radiator
BlockBegin Layer Plastic Hard
Layer "Plastic Hard" Purple
Surf 1635 Plastic Hard
846 836 835 839 
Surf 1675 Plastic Hard
691 690 847 848 
Surf 1676 Plastic Hard
697 691 848 849 
Surf 1677 Plastic Hard
690 689 850 847 
Surf 1678 Plastic Hard
849 848 847 850 
Surf 1679 Plastic Hard
689 697 849 850 
Surf 1680 Plastic Hard
683 682 851 852 
Surf 1681 Plastic Hard
685 684 853 854 
Surf 1682 Plastic Hard
684 683 852 853 
Surf 1683 Plastic Hard
682 685 854 851 
Surf 1684 Plastic Hard
853 852 851 854 
Surf 1685 Plastic Hard
609 608 855 856 
Surf 1686 Plastic Hard
607 679 857 858 
Surf 1687 Plastic Hard
679 609 856 857 
Surf 1688 Plastic Hard
608 607 858 855 
Surf 1689 Plastic Hard
857 856 855 858 
Surf 1690 Plastic Hard
602 605 859 860 
Surf 1691 Plastic Hard
604 603 861 862 
Surf 1692 Plastic Hard
603 602 860 861 
Surf 1693 Plastic Hard
605 604 862 859 
Surf 1694 Plastic Hard
861 860 859 862 
Surf 1695 Plastic Hard
780 702 863 864 
Surf 1696 Plastic Hard
701 700 865 866 
Surf 1697 Plastic Hard
864 863 866 865 
Surf 1698 Plastic Hard
702 701 866 863 
Surf 1699 Plastic Hard
700 780 864 865 
Surf 1700 Plastic Hard
867 868 869 870 
Surf 1701 Plastic Hard
782 785 867 870 
Surf 1702 Plastic Hard
785 784 868 867 
Surf 1703 Plastic Hard
783 782 870 869 
Surf 1704 Plastic Hard
784 783 869 868 
Surf 1705 Plastic Hard
766 769 871 872 
Surf 1706 Plastic Hard
768 767 873 874 
Surf 1707 Plastic Hard
767 766 872 873 
Surf 1708 Plastic Hard
873 872 871 874 
Surf 1709 Plastic Hard
769 768 874 871 
Surf 1710 Plastic Hard
875 876 877 878 
Surf 1711 Plastic Hard
788 787 875 878 
Surf 1712 Plastic Hard
787 790 876 875 
Surf 1713 Plastic Hard
789 788 878 877 
Surf 1714 Plastic Hard
790 789 877 876 
Surf 1715 Plastic Hard
792 795 879 880 
Surf 1716 Plastic Hard
880 879 881 882 
Surf 1717 Plastic Hard
794 793 882 881 
Surf 1718 Plastic Hard
795 794 881 879 
Surf 1719 Plastic Hard
793 792 880 882 
Surf 1720 Plastic Hard
763 762 883 884 
Surf 1721 Plastic Hard
770 763 884 885 
Surf 1722 Plastic Hard
883 886 885 884 
Surf 1723 Plastic Hard
762 761 886 883 
Surf 1724 Plastic Hard
761 770 885 886 
Surf 1725 Plastic Hard
887 888 889 890 
Surf 1726 Plastic Hard
774 773 890 889 
Surf 1727 Plastic Hard
772 775 888 887 
Surf 1728 Plastic Hard
775 774 889 888 
Surf 1729 Plastic Hard
773 772 887 890 
Surf 1730 Plastic Hard
779 707 891 892 
Surf 1731 Plastic Hard
892 891 893 894 
Surf 1732 Plastic Hard
706 705 894 893 
Surf 1733 Plastic Hard
705 779 892 894 
Surf 1734 Plastic Hard
707 706 893 891 
Surf 1735 Plastic Hard
670 669 895 896 
Surf 1736 Plastic Hard
672 671 897 898 
Surf 1737 Plastic Hard
669 672 898 895 
Surf 1738 Plastic Hard
896 895 898 897 
Surf 1739 Plastic Hard
671 670 896 897 
Surf 1740 Plastic Hard
677 676 899 900 
Surf 1741 Plastic Hard
674 677 900 901 
Surf 1742 Plastic Hard
901 900 899 902 
Surf 1743 Plastic Hard
676 675 902 899 
Surf 1744 Plastic Hard
675 674 901 902 
Surf 1745 Plastic Hard
612 678 903 904 
Surf 1746 Plastic Hard
614 613 905 906 
Surf 1747 Plastic Hard
678 614 906 903 
Surf 1748 Plastic Hard
903 906 905 904 
Surf 1749 Plastic Hard
613 612 904 905 
Surf 1750 Plastic Hard
596 600 907 908 
Surf 1751 Plastic Hard
598 597 909 910 
Surf 1752 Plastic Hard
597 596 908 909 
Surf 1753 Plastic Hard
909 908 907 910 
Surf 1754 Plastic Hard
600 598 910 907 
Surf 1755 Plastic Hard
592 591 911 912 
Surf 1756 Plastic Hard
912 911 913 914 
Surf 1757 Plastic Hard
594 593 914 913 
Surf 1758 Plastic Hard
591 594 913 911 
Surf 1759 Plastic Hard
593 592 912 914 
Surf 1760 Plastic Hard
621 620 915 916 
Surf 1761 Plastic Hard
622 621 916 917 
Surf 1762 Plastic Hard
620 623 918 915 
Surf 1763 Plastic Hard
917 916 915 918 
Surf 1764 Plastic Hard
623 622 917 918 
Surf 1765 Plastic Hard
630 629 919 920 
Surf 1766 Plastic Hard
628 660 921 922 
Surf 1767 Plastic Hard
660 630 920 921 
Surf 1768 Plastic Hard
629 628 922 919 
Surf 1769 Plastic Hard
921 920 919 922 
Surf 1770 Plastic Hard
662 665 923 924 
Surf 1771 Plastic Hard
663 662 924 925 
Surf 1772 Plastic Hard
664 663 925 926 
Surf 1773 Plastic Hard
926 925 924 923 
Surf 1774 Plastic Hard
665 664 926 923 
Surf 1775 Plastic Hard
714 713 927 928 
Surf 1776 Plastic Hard
715 714 928 929 
Surf 1777 Plastic Hard
929 928 927 930 
Surf 1778 Plastic Hard
713 712 930 927 
Surf 1779 Plastic Hard
712 715 929 930 
Surf 1780 Plastic Hard
718 717 931 932 
Surf 1781 Plastic Hard
749 718 932 933 
Surf 1782 Plastic Hard
717 750 934 931 
Surf 1783 Plastic Hard
933 932 931 934 
Surf 1784 Plastic Hard
750 749 933 934 
Surf 1785 Plastic Hard
755 754 935 936 
Surf 1786 Plastic Hard
756 755 936 937 
Surf 1787 Plastic Hard
937 936 935 938 
Surf 1788 Plastic Hard
754 757 938 935 
Surf 1789 Plastic Hard
757 756 937 938 
Surf 1790 Plastic Hard
800 799 939 940 
Surf 1791 Plastic Hard
797 800 940 941 
Surf 1792 Plastic Hard
941 940 939 942 
Surf 1793 Plastic Hard
799 798 942 939 
Surf 1794 Plastic Hard
798 797 941 942 
Surf 1795 Plastic Hard
805 804 943 944 
Surf 1796 Plastic Hard
802 805 944 945 
Surf 1797 Plastic Hard
945 944 943 946 
Surf 1798 Plastic Hard
804 803 946 943 
Surf 1799 Plastic Hard
803 802 945 946 
Surf 1800 Plastic Hard
947 948 949 950 
Surf 1801 Plastic Hard
745 744 948 947 
Surf 1802 Plastic Hard
743 746 950 949 
Surf 1803 Plastic Hard
744 743 949 948 
Surf 1804 Plastic Hard
746 745 947 950 
Surf 1805 Plastic Hard
740 739 951 952 
Surf 1806 Plastic Hard
741 740 952 953 
Surf 1807 Plastic Hard
953 952 951 954 
Surf 1808 Plastic Hard
739 723 954 951 
Surf 1809 Plastic Hard
723 741 953 954 
Surf 1810 Plastic Hard
737 736 955 956 
Surf 1811 Plastic Hard
738 737 956 957 
Surf 1812 Plastic Hard
957 956 955 958 
Surf 1813 Plastic Hard
736 735 958 955 
Surf 1814 Plastic Hard
735 738 957 958 
Surf 1815 Plastic Hard
652 651 959 960 
Surf 1816 Plastic Hard
650 649 961 962 
Surf 1817 Plastic Hard
651 650 962 959 
Surf 1818 Plastic Hard
959 962 961 960 
Surf 1819 Plastic Hard
649 652 960 961 
Surf 1820 Plastic Hard
646 645 963 964 
Surf 1821 Plastic Hard
644 647 965 966 
Surf 1822 Plastic Hard
647 646 964 965 
Surf 1823 Plastic Hard
645 644 966 963 
Surf 1824 Plastic Hard
965 964 963 966 
Surf 1825 Plastic Hard
638 637 967 968 
Surf 1826 Plastic Hard
968 967 969 970 
Surf 1827 Plastic Hard
636 635 970 969 
Surf 1828 Plastic Hard
637 636 969 967 
Surf 1829 Plastic Hard
635 638 968 970 
Surf 1830 Plastic Hard
971 972 973 974 
Surf 1831 Plastic Hard
586 589 973 972 
Surf 1832 Plastic Hard
587 586 972 971 
Surf 1833 Plastic Hard
589 588 974 973 
Surf 1834 Plastic Hard
588 587 971 974 
Surf 1835 Plastic Hard
581 584 975 976 
Surf 1836 Plastic Hard
582 581 976 977 
Surf 1837 Plastic Hard
977 976 975 978 
Surf 1838 Plastic Hard
584 583 978 975 
Surf 1839 Plastic Hard
583 582 977 978 
Surf 1840 Plastic Hard
576 579 979 980 
Surf 1841 Plastic Hard
577 576 980 981 
Surf 1842 Plastic Hard
981 980 979 982 
Surf 1843 Plastic Hard
579 578 982 979 
Surf 1844 Plastic Hard
578 577 981 982 
Surf 1845 Plastic Hard
571 574 983 984 
Surf 1846 Plastic Hard
572 571 984 985 
Surf 1847 Plastic Hard
985 984 983 986 
Surf 1848 Plastic Hard
574 573 986 983 
Surf 1849 Plastic Hard
573 572 985 986 
Surf 1850 Plastic Hard
566 569 987 988 
Surf 1851 Plastic Hard
568 567 989 990 
Surf 1852 Plastic Hard
567 566 988 989 
Surf 1853 Plastic Hard
989 988 987 990 
Surf 1854 Plastic Hard
569 568 990 987 
Surf 1855 Plastic Hard
561 564 991 992 
Surf 1856 Plastic Hard
562 561 992 993 
Surf 1857 Plastic Hard
564 563 994 991 
Surf 1858 Plastic Hard
993 992 991 994 
Surf 1859 Plastic Hard
563 562 993 994 
Surf 1860 Plastic Hard
556 559 995 996 
Surf 1861 Plastic Hard
557 556 996 997 
Surf 1862 Plastic Hard
997 996 995 998 
Surf 1863 Plastic Hard
559 558 998 995 
Surf 1864 Plastic Hard
558 557 997 998 
Surf 1865 Plastic Hard
811 814 999 1000 
Surf 1866 Plastic Hard
812 811 1000 1001 
Surf 1867 Plastic Hard
1001 1000 999 1002 
Surf 1868 Plastic Hard
814 813 1002 999 
Surf 1869 Plastic Hard
813 812 1001 1002 
Surf 1870 Plastic Hard
810 809 1003 1004 
Surf 1871 Plastic Hard
807 810 1004 1005 
Surf 1872 Plastic Hard
1005 1004 1003 1006 
Surf 1873 Plastic Hard
809 808 1006 1003 
Surf 1874 Plastic Hard
808 807 1005 1006 
BlockEnd Layer Plastic Hard
BlockBegin Layer Radiator
Layer "Radiator" Gray
Surf 1290 Radiator
1007 1008 1009 1010 695 694 1011 
Surf 1289 Radiator
1008 1007 1012 1013 
Surf 1291 Radiator
1009 1008 1013 1014 
Surf 1292 Radiator
693 696 1015 1014 1013 1012 1016 
Surf 1293 Radiator
696 695 1010 1015 
Surf 1294 Radiator
1007 1011 1016 1012 
Surf 1295 Radiator
694 693 1016 1011 
Surf 1296 Radiator
1010 1009 1014 1015 
Surf 1297 Radiator
693 696 695 694 
BlockEnd Layer Radiator
BlockBegin Layer Gap Wood
Layer "Gap Wood" Gray
Surf 1876 Gap Wood
1017 227 226 1018 
Surf 1877 Gap Wood
1019 1020 205 204 
Surf 1878 Gap Wood
1021 1022 207 206 
BlockEnd Layer Gap Wood
BlockBegin Layer Glass
Layer "Glass" Navy
Surf 23 Glass
1023 1022 181 180 
BlockEnd Layer Glass
BlockBegin Layer Gap Wood
Layer "Gap Wood" Gray
Surf 40 Gap Wood
1024 1025 158 157 
BlockEnd Layer Gap Wood
BlockBegin Layer Floor
Layer "Floor" Green
Surf 142 Floor
33 227 1017 1026 1027 1028 1024 157 18 16 14 13 84 102 99 98 120 163 162 153 148 141 140 333 403 405 228 231 433 432 232 235 425 422 322 117 116 156 251 246 72 79 298 299 292 295 302 303 291 290 310 311 76 75 58 59 53 51 27 28 122 32 
BlockEnd Layer Floor
BlockBegin Layer Wall
Layer "Wall" Maroon
Surf 153 Wall
19 158 1025 1029 20 
Surf 154 Wall
21 1030 1029 20 
Surf 155 Wall
24 22 21 1030 1031 
Surf 61 Wall
1019 193 196 204 
Surf 62 Wall
1021 199 202 206 
Surf 65 Wall
181 1022 207 182 
Surf 60 Wall
200 1020 205 201 
BlockEnd Layer Wall
BlockBegin Layer Glass
Layer "Glass" Navy
Surf 55 Glass
194 193 1019 1018 
Surf 48 Glass
1021 1020 200 199 
BlockEnd Layer Glass
BlockBegin Layer Wall
Layer "Wall" Maroon
Surf 51 Wall
177 195 194 1018 226 34 35 190 213 198 178 174 
BlockEnd Layer Wall
BlockBegin Layer Floor
Layer "Floor" Green
Surf 152 Floor
1022 1023 180 184 187 224 44 45 25 24 1031 1032 1033 1026 1017 1018 1019 1020 1021 
BlockEnd Layer Floor
BlockBegin Layer Gap Wood
Layer "Gap Wood" Gray
Surf 1881 Gap Wood
1033 1032 1034 1035 
Surf 1882 Gap Wood
1028 1029 1025 1024 
Surf 1883 Gap Wood
1032 1031 1030 1034 
BlockEnd Layer Gap Wood
BlockBegin Layer Wall
Layer "Wall" Maroon
Surf 68 Wall
219 220 214 215 
BlockEnd Layer Wall
BlockBegin Layer Glass
Layer "Glass" Navy
Surf 52 Glass
221 220 219 218 
BlockEnd Layer Glass
BlockBegin Layer Plastic Hard Fractional
Layer "Plastic Hard Fractional" Green
Surf 1885 Plastic Hard Fractional
1036 748 747 
Surf 1886 Plastic Hard Fractional
721 1036 747 
Surf 1887 Plastic Hard Fractional
748 1036 720 
Surf 1888 Plastic Hard Fractional
1036 721 720 
Surf 1889 Plastic Hard Fractional
733 1037 725 
Surf 1890 Plastic Hard Fractional
726 1037 732 
Surf 1891 Plastic Hard Fractional
1037 733 732 
Surf 1892 Plastic Hard Fractional
1037 726 725 
Surf 1893 Plastic Hard Fractional
633 1038 653 
Surf 1894 Plastic Hard Fractional
1038 654 653 
Surf 1895 Plastic Hard Fractional
654 1038 632 
Surf 1896 Plastic Hard Fractional
1038 633 632 
Surf 1897 Plastic Hard Fractional
640 1039 641 
Surf 1898 Plastic Hard Fractional
642 1039 639 
Surf 1899 Plastic Hard Fractional
1039 640 639 
Surf 1900 Plastic Hard Fractional
1039 642 641 
Surf 1901 Plastic Hard Fractional
616 1040 617 
Surf 1902 Plastic Hard Fractional
1040 618 617 
Surf 1903 Plastic Hard Fractional
618 1040 624 
Surf 1904 Plastic Hard Fractional
1040 616 624 
Surf 1905 Plastic Hard Fractional
1041 626 625 
Surf 1906 Plastic Hard Fractional
667 1041 625 
Surf 1907 Plastic Hard Fractional
626 1041 666 
Surf 1908 Plastic Hard Fractional
1041 667 666 
Surf 1909 Plastic Hard Fractional
1042 710 709 
Surf 1910 Plastic Hard Fractional
778 1042 709 
Surf 1911 Plastic Hard Fractional
710 1042 777 
Surf 1912 Plastic Hard Fractional
1042 778 777 
Surf 1913 Plastic Hard Fractional
1043 752 776 
Surf 1914 Plastic Hard Fractional
752 1043 758 
Surf 1915 Plastic Hard Fractional
1043 759 758 
Surf 1916 Plastic Hard Fractional
759 1043 776 
BlockEnd Layer Plastic Hard Fractional
BlockBegin Layer Gap Wood
Layer "Gap Wood" Gray
Surf 1917 Gap Wood
1026 1024 1028 1027 
Surf 1918 Gap Wood
1033 1032 1031 1025 1024 1026 
Surf 1880 Gap Wood
1026 1033 1035 1027 
Surf 1884 Gap Wood
1025 1029 1030 1031 
Surf 1879 Gap Wood
1028 1027 1035 1034 1030 1029 
BlockEnd Layer Gap Wood
BlockEnd Surface section
###